Timestamp,SocketPower0,SocketPower1,ProbabilityScalarArithmetic,ProbabilityScalarLogic,ProbabilityScalarMemory,ProbabilityScalarBranch,ProbabilityScalarJump,ProbabilityVectorArithmetic,ProbabilityVectorLogic,ProbabilityVectorMemory,ProbabilityVectorBranch,ProbabilityVectorJump,PSUPower0,PSUPower1,SystemCpuUsage,ProcessCpuUsage,TimeDifference
605947920,101.694,77.2723,2.41,7.73,14.38,0,0,0,0,0,0,0,381,5,23.2969,21.8939,9120
605957000,91.3878,57.8178,2.25,2.15,0.02,0,0,93.36,0,1.98,0,0,407,5,25.7578,24.3635,9080
605963880,130.225,80.1227,2.65,2.46,0.02,0,0,91.87,0,2.34,0,0,414,5,26.0391,24.7162,6880
605971000,121.612,75.1136,2.35,2.22,0.02,0,0,92.85,0,2.27,0,0,405,5,25.7891,24.4759,7120
605977920,127.313,78.5952,2.28,1.99,0,0,0,92.9,0,2.22,0,0,408,5,26.125,24.7956,6920
605985000,119.043,76.7316,1.94,1.83,0,0,0,94.06,0,1.83,0,0,408,5,26.0703,24.7348,7080
605992000,114.895,71.5907,2.21,2.08,0.02,0,0,93.5,0,2.04,0,0,407,5,25.8203,24.4957,7000
605998480,133.969,83.0702,2.59,2.18,0,0,0,92.72,0,2.2,0,0,409,5,25.8672,24.571,6480
606005520,120.305,74.9437,2.07,2.05,0,0,0,93.66,0,1.98,0,0,411,5,26.0703,24.7418,7040
606012320,128.462,79.9848,2.34,2.15,0,0,0,92.76,0,2.18,0,0,409,5,25.9453,24.6265,6800
606019360,128.005,79.177,2.13,1.82,0.02,0,0,93.57,0,1.96,0,0,406,5,26.0391,24.697,7040
606026560,118.939,73.4956,2.26,1.99,0.02,0,0,93.47,0,2.01,0,0,404,5,26.1328,24.7949,7200
606033520,121.979,76.8353,2.45,2.25,0.02,0,0,92.82,0,2.17,0,0,406,5,25.8438,24.5378,6960
606040360,133.774,82.9684,2.04,1.98,0,0,0,93.32,0,2.01,0,0,409,5,26.0859,24.7561,6840
606047680,115.291,70.1321,2.31,2.33,0,0,0,92.92,0,2.23,0,0,409,5,26.0703,24.7332,7320
606054360,137.183,82.9675,2.59,2.38,0,0,0,91.9,0,2.5,0,0,412,5,25.8516,24.5451,6680
606061520,123.027,74.2458,2.66,2.5,0,0,0,92.16,0,2.37,0,0,412,5,25.9766,24.6484,7160
606068440,124.196,75.2726,2.3,2.27,0,0,0,92.98,0,2.24,0,0,407,5,26,24.6798,6920
606075200,-9559.99,81.4517,2.45,2.28,0,0,0,92.58,0,2.2,0,0,405,5,25.9844,24.6648,6760
606082320,121.489,76.585,2.36,2.43,0.03,0,0,92.51,0,2.24,0,0,405,5,26.0078,24.6818,7120
606089360,117.499,72.2004,2.08,1.76,0,0,0,94.03,0,1.95,0,0,410,5,26.0938,24.7625,7040
606095920,129.767,79.3743,2.32,2.26,0.02,0,0,92.96,0,2.24,0,0,409,5,26.0703,24.7547,6560
606102680,127.022,76.8968,2.44,2.18,0.03,0,0,92.87,0,2.23,0,0,415,5,25.9766,24.6695,6760
606109520,130.285,81.4056,2.42,2.13,0.07,0,0,92.92,0,2.01,0,0,405,5,25.875,24.5643,6840
606116640,119.86,76.1417,2.26,2.12,0,0,0,93.08,0,2.18,0,0,405,5,25.9844,24.6528,7120
606123680,115.549,72.3791,1.82,1.7,0,0,0,94.44,0,1.86,0,0,413,5,25.9766,24.646,7040
606130320,132.628,81.7012,2.6,2.53,0.02,0,0,91.91,0,2.42,0,0,411,5,26.1406,24.8273,6640
606137320,122.365,75.3348,2.18,2.09,0,0,0,93.4,0,2.09,0,0,404,5,25.8516,24.5266,7000
606144200,136.515,83.2449,2.53,2.24,0.02,0,0,92.22,0,2.34,0,0,412,5,26.1016,24.7748,6880
606151640,122.857,74.3873,2.67,2.48,0.02,0,0,91.78,0,2.51,0,0,415,5,25.9453,24.6157,7440
606158760,123.359,74.6897,2.65,2.5,0.03,0,0,92.15,0,2.43,0,0,414,5,25.8984,24.5747,7120
606165640,129.765,77.2095,2.72,2.46,0.03,0,0,92.3,0,2.28,0,0,411,5,26.0156,24.7025,6880
606172480,136.673,81.8294,2.71,2.53,0.03,0,0,91.5,0,2.49,0,0,411,5,25.9375,24.6196,6840
606179760,125.209,75.7968,2.63,2.49,0,0,0,91.98,0,2.4,0,0,413,5,26.0469,24.7173,7280
606186880,122.482,74.1743,2.49,2.44,0,0,0,92.49,0,2.28,0,0,409,5,26.125,24.7948,7120
606193760,134.374,81.5078,2.72,2.29,0.03,0,0,92.05,0,2.28,0,0,408,5,25.8828,24.5696,6880
606201000,116.562,71.1008,2.47,2.14,0.02,0,0,92.89,0,2.3,0,0,411,5,26.0234,24.6871,7240
606207760,137.474,85.845,2.53,2.37,0.04,0,0,91.55,0,2.53,0,0,404,5,25.9922,24.6819,6760
606215200,117.137,72.3675,2.5,2.23,0,0,0,92.57,0,2.23,0,0,408,5,25.9688,24.6364,7440
606222120,122.985,74.0488,2.61,2.54,0.02,0,0,92.31,0,2.3,0,0,410,5,25.9062,24.5926,6920
606228800,137.193,83.3704,2.49,2.4,0.02,0,0,92.11,0,2.43,0,0,409,5,26.1172,24.7976,6680
606236000,119.068,72.2786,2.52,2.13,0.03,0,0,92.78,0,2.31,0,0,405,5,26.0781,24.745,7200
606242760,137.962,84.7402,2.33,2.31,0.04,0,0,92.44,0,2.19,0,0,407,5,25.9297,24.6163,6760
606250200,115.187,70.7472,2.3,1.98,0.02,0,0,93.36,0,2.12,0,0,411,5,25.8984,24.5695,7440
606257000,136.055,83.1951,2.43,2.24,0.04,0,0,92.39,0,2.41,0,0,408,5,26.1094,24.7771,6800
606264320,116.732,71.3814,2.47,2.26,0.03,0,0,93.06,0,1.98,0,0,409,5,26.0469,24.7108,7320
606271120,128.473,79.1803,2.49,2.28,0.04,0,0,92.69,0,2.09,0,0,407,5,26.0234,24.7122,6800
606278080,127.778,78.8518,2.3,2.26,0.02,0,0,92.78,0,2.17,0,0,407,5,25.8984,24.577,6960
606285240,115.139,71.9285,2.8,2.24,0,0,0,92.46,0,2.34,0,0,401,5,25.9141,24.5995,7160
