Timestamp,SocketPower0,SocketPower1,ProbabilityScalarArithmetic,ProbabilityScalarLogic,ProbabilityScalarMemory,ProbabilityScalarBranch,ProbabilityScalarJump,ProbabilityVectorArithmetic,ProbabilityVectorLogic,ProbabilityVectorMemory,ProbabilityVectorBranch,ProbabilityVectorJump,PSUPower0,PSUPower1,SystemCpuUsage,ProcessCpuUsage,TimeDifference
10177420,75.3563,75.9836,8.3,17.14,27.04,0,0,0,0,0,0,0,349,5,2.21875,0.670929,6950
10184290,78.1796,78.8676,8.36,15.34,28.33,0,0,0,0,0,0,0,350,5,2.3125,0.775564,6870
10191340,83.1217,75.1175,16.49,22.48,31.19,0,0,0,0,0,0,0,364,5,2.32031,0.773493,7050
10198220,72.524,62.873,8.76,7.63,0.6,0,0,0,0,82.82,0,0,365,5,2.32031,0.775572,6880
10203840,96.0972,83.5986,7.59,7.95,2.07,0,0,0,0,75.39,0,0,364,5,2.26562,0.774312,5620
10209970,80.883,70.4501,8.54,7.4,0.6,0,0,0,0,83.05,0,0,364,5,2.28125,0.774857,6130
10215590,94.4242,81.7692,8.02,8.65,1.44,0,0,0,0,78.21,0,0,365,5,2.27344,0.774312,5620
10221570,81.8869,71.2773,8.17,6.8,0.17,0,0,0,0,84.73,0,0,364,5,2.28125,0.776016,5980
10227110,94.7202,82.2237,9.11,7.58,1.1,0,0,0,0,78.73,0,0,366,5,2.27344,0.774199,5540
10233040,82.8902,72.373,8.97,7.06,0,0,0,0,0,83.55,0,0,366,5,2.28906,0.773332,5930
10238620,87.4965,76.7417,9.64,7.16,0.4,0,0,0,0,82.6,0,0,363,5,2.26562,0.772879,5580
10244200,90.8056,80.0018,9.34,7.63,0.8,0,0,0,0,81.06,0,0,364,5,2.26562,0.77844,5580
10250010,93.7083,81.8511,8.02,9.61,3.29,0,0,0,0,67.3,0,0,365,5,2.26562,0.771854,5810
10256190,82.0363,71.8105,8.44,7.24,0.35,0,0,0,0,82.39,0,0,365,5,2.28906,0.774929,6180
10261960,84.941,74.3291,10.04,7.15,0.3,0,0,0,0,82.1,0,0,366,5,2.26562,0.774492,5770
10267550,96.7443,85.092,8.52,6.56,2.23,0,0,0,0,78.07,0,0,369,5,2.26562,0.77425,5590
10273730,86.4779,75.8653,6.7,8.66,3.38,0,0,0,0,70.06,0,0,350,5,2.28906,0.773677,6180
10279830,79.8604,70.1966,9.26,6.95,0.4,0,0,0,0,83.2,0,0,365,5,2.29688,0.777395,6100
10285410,87.9382,77.0406,9.59,7.45,0.2,0,0,0,0,82.17,0,0,366,5,2.25781,0.77425,5580
10291010,88.245,77.899,9.28,7.54,0.49,0,0,0,0,82,0,0,365,5,2.25781,0.772894,5600
10296680,92.7552,81.6365,8.68,7.37,1.9,0,0,0,0,76.57,0,0,365,5,2.26562,0.772983,5670
10302680,90.4186,79.0983,7.38,7.06,3.86,0,0,0,0,71,0,0,364,5,2.28125,0.77475,6000
10308860,79.1698,69.3037,10.27,7.26,0,0,0,0,0,82,0,0,364,5,2.28906,0.776185,6180
10314430,92.0388,80.9737,8.39,7.8,0.6,0,0,0,0,80.25,0,0,364,5,2.26562,0.772849,5570
10320300,93.2855,81.6526,7.21,8.39,4.06,0,0,0,0,69.16,0,0,365,5,2.27344,0.774595,5870
10326530,78.3137,68.508,8.57,6.94,0.2,0,0,0,0,84.09,0,0,363,5,2.28906,0.773726,6230
10332080,87.6893,76.9039,8.6,7.74,0.39,0,0,0,0,83.26,0,0,364,5,2.25781,0.777027,5550
10337650,88.1768,77.7077,9.77,8.2,0.1,0,0,0,0,81.54,0,0,366,5,2.26562,0.772819,5570
10343280,96.5454,84.6817,7.97,7.38,2.45,0,0,0,0,69.47,0,0,350,5,2.25781,0.774312,5630
10349480,86.0005,75.2237,8.66,9.34,2.24,0,0,0,0,75,0,0,365,5,2.28906,0.77496,6200
10355540,80.3289,70.5974,8.87,8.16,0.1,0,0,0,0,82.78,0,0,364,5,2.28906,0.774804,6060
10361110,86.7594,76.2953,8.32,7.14,0.2,0,0,0,0,84.33,0,0,366,5,2.26562,0.777035,5570
10366630,94.8837,83.6787,8.4,8.13,2.31,0,0,0,0,76.83,0,0,365,5,2.25781,0.771379,5520
10372650,90.0099,78.7434,6.57,7.55,2.84,0,0,0,0,70.14,0,0,364,5,2.28125,0.776042,6020
10378820,79.8565,69.9808,9.06,8.35,0.2,0,0,0,0,81.72,0,0,362,5,2.28906,0.773653,6170
10384450,87.2148,76.6687,8.94,6.76,0.3,0,0,0,0,83.52,0,0,365,5,2.26562,0.775689,5630
10390050,94.2383,82.9283,9.66,8.13,1.7,0,0,0,0,75.76,0,0,364,5,2.25781,0.771502,5600
10396080,89.676,78.4573,7.77,8.69,2.39,0,0,0,0,73.79,0,0,365,5,2.28906,0.776076,6030
10402230,80.0629,70.2236,9.24,8.18,0.3,0,0,0,0,81.88,0,0,365,5,2.28906,0.774888,6150
10407840,92.7313,81.6378,8.26,8.54,1.33,0,0,0,0,79.25,0,0,370,5,2.26562,0.772909,5610
10413800,91.0949,79.5695,8.64,8.84,2.47,0,0,0,0,68.18,0,0,363,5,2.28125,0.774696,5960
10419970,79.1994,69.5559,8.27,7.67,0.1,0,0,0,0,83.67,0,0,367,5,2.28906,0.774909,6170
10425550,88.2154,77.1351,9.65,8.04,0.3,0,0,0,0,81.88,0,0,365,5,2.25781,0.774262,5580
10431150,86.8206,-11625.9,8.74,7.55,0.2,0,0,0,0,83.02,0,0,364,5,2.26562,0.777057,5600
10436730,92.0174,80.9144,8.77,8.28,0.5,0,0,0,0,80.2,0,0,364,5,2.25781,0.772849,5580
10442590,91.4362,80.2005,7.4,8.84,3.67,0,0,0,0,69.9,0,0,365,5,2.27344,0.773278,5860
10447760,80.5337,75.1692,8.33,7.5,1.78,0,0,0,0,78.41,0,0,348,5,2.28906,0.774857,5170
10452760,78.5922,80.3577,8.03,18.99,27.88,0,0,0,0,0,0,0,348,5,2.46094,0.775086,5000
