Timestamp,SocketPower0,SocketPower1,ProbabilityScalarArithmetic,ProbabilityScalarLogic,ProbabilityScalarMemory,ProbabilityScalarBranch,ProbabilityScalarJump,ProbabilityVectorArithmetic,ProbabilityVectorLogic,ProbabilityVectorMemory,ProbabilityVectorBranch,ProbabilityVectorJump,PSUPower0,PSUPower1,SystemCpuUsage,ProcessCpuUsage,TimeDifference
11115370,76.3646,77.0049,7.18,14.84,26.6,0,0,0,0,0,0,0,350,5,2.21875,0.67208,6870
11122260,78.8688,79.565,9.07,14.26,27.47,0,0,0,0,0,0,0,351,5,2.3125,0.775572,6890
11129380,80.7793,73.0321,18.55,22.99,30.42,0,0,0,0,0,0,0,351,5,2.32812,0.774666,7120
11136160,71.7333,63.359,5.42,11.11,0.28,0,0,0,0,83.09,0,0,346,5,2.3125,0.773172,6780
11141730,87.7293,76.9503,5.48,11.35,0.1,0,0,0,0,82.88,0,0,365,5,2.25781,0.77565,5570
11147310,97.2516,85.8815,5.19,11.89,2.56,0,0,0,0,71.6,0,0,364,5,2.26562,0.774237,5580
11153540,88.7916,78.1764,4.83,11.75,3.59,0,0,0,0,67.68,0,0,367,5,2.28906,0.773726,6230
11159860,85.1371,74.8708,4.77,12.04,3.1,0,0,0,0,69.18,0,0,366,5,2.28906,0.773845,6320
11166020,83.9818,74.0063,5.69,11.09,1.43,0,0,0,0,77.56,0,0,364,5,2.28906,0.774898,6160
11171950,82.8316,72.508,5.57,12.63,0.39,0,0,0,0,80.82,0,0,365,5,2.28125,0.774663,5930
11177540,87.2673,76.9287,6.55,12.23,0.3,0,0,0,0,80.81,0,0,366,5,2.26562,0.774275,5590
11183150,96.9739,85.4341,6.47,11.52,3.38,0,0,0,0,68.48,0,0,366,5,2.26562,0.772879,5610
11189390,85.6283,75.4056,5.58,11.04,2.3,0,0,0,0,73.23,0,0,367,5,2.28906,0.77499,6240
11195490,84.3193,74.3129,5.24,11.19,0.79,0,0,0,0,81.21,0,0,370,5,2.29688,0.774846,6100
11201380,83.0188,72.6589,4.86,11.35,0.2,0,0,0,0,83.3,0,0,364,5,2.27344,0.774618,5890
11206950,86.8436,76.7301,5.43,11.6,0,0,0,0,0,82.87,0,0,365,5,2.25781,0.77425,5570
11212500,-11709.6,86.2183,4.1,11.87,3.13,0,0,0,0,70.41,0,0,366,5,2.25781,0.774199,5550
11218730,85.0431,74.8859,4.2,11.35,4.23,0,0,0,0,71.15,0,0,351,5,2.28906,0.77498,6230
11224800,80.2121,70.6954,5.77,10.16,0.1,0,0,0,0,83.72,0,0,346,5,2.28906,0.773528,6070
11230380,88.2049,77.1932,5.77,11.18,0.19,0,0,0,0,82.63,0,0,367,5,2.25781,0.772865,5580
11235990,94.61,83.2059,6.18,11.71,2.39,0,0,0,0,74.55,0,0,365,5,2.26562,0.77568,5610
11242060,88.2268,78.3843,4.23,10.93,5.7,0,0,0,0,65.47,0,0,366,5,2.28125,0.773528,6070
11248260,78.8111,69.6213,5.87,10.77,0.49,0,0,0,0,82.69,0,0,364,5,2.28906,0.77369,6200
11253870,85.6033,76.2164,4.38,11.53,0.7,0,0,0,0,83.1,0,0,364,5,2.26562,0.774275,5610
11259430,97.1585,86.4714,3.92,10.8,4.66,0,0,0,0,65.98,0,0,350,5,2.25781,0.77563,5560
11265670,78.2694,69.0048,5.05,10.93,0.1,0,0,0,0,83.62,0,0,366,5,2.28906,0.77375,6240
11271280,86.7091,77.327,4.37,11.79,0.25,0,0,0,0,83.09,0,0,364,5,2.25781,0.77568,5610
11276920,91.1349,81.1953,5.06,10.76,1.74,0,0,0,0,78.36,0,0,367,5,2.26562,0.774312,5640
11282880,81.359,-10923.7,5.8,11.65,0.3,0,0,0,0,82.16,0,0,367,5,2.27344,0.774707,5960
11288450,97.5619,86.783,4.18,11.59,6.85,0,0,0,0,60.61,0,0,366,5,2.25781,0.774224,5570
11294720,83.1112,74.0254,4.8,11.32,2.04,0,0,0,0,76.56,0,0,351,5,2.29688,0.773786,6270
11300770,80.3683,70.8529,5.06,10.83,0,0,0,0,0,83.83,0,0,367,5,2.28125,0.773502,6050
11306350,96.2881,85.8862,4.89,10.52,4.63,0,0,0,0,62.6,0,0,366,5,2.26562,0.77565,5580
11312580,84.6603,75.2933,3.9,11.75,2.42,0,0,0,0,74.92,0,0,365,5,2.28906,0.77497,6230
11318670,80.0749,70.5902,6.95,10.69,0.19,0,0,0,0,81.7,0,0,366,5,2.28125,0.773566,6090
11324290,94.3257,83.8901,6.16,12.3,3.04,0,0,0,0,72.3,0,0,366,5,2.25781,0.774287,5620
11330400,86.5108,77.2116,5.55,12.09,3.91,0,0,0,0,69.8,0,0,369,5,2.28906,0.774857,6110
11336540,79.8221,70.376,6.46,11.3,0,0,0,0,0,82.1,0,0,365,5,2.28906,0.773628,6140
11342150,93.2391,83.0482,4.89,11.49,2.26,0,0,0,0,76.46,0,0,367,5,2.25781,0.77567,5610
11348210,89.2917,79.4865,5.38,11.98,4.34,0,0,0,0,67.93,0,0,350,5,2.28906,0.773528,6060
11354470,77.5979,68.4257,4.87,10.2,0.1,0,0,0,0,84.62,0,0,366,5,2.30469,0.77501,6260
11360050,92.0674,81.8335,6.07,11.52,1.52,0,0,0,0,78.28,0,0,364,5,2.25781,0.77425,5580
11366000,89.992,80.1193,4.63,11.77,4.26,0,0,0,0,67.12,0,0,368,5,2.28125,0.773372,5950
11372180,77.9504,68.8823,5.22,11.15,0.2,0,0,0,0,83.33,0,0,364,5,2.28906,0.774929,6180
11377720,95.8692,85.3951,5.4,10.93,2.55,0,0,0,0,72.05,0,0,366,5,2.25781,0.774199,5540
11383880,87.4529,78.0128,4.78,11.71,4.96,0,0,0,0,64.22,0,0,348,5,2.28906,0.774909,6160
11390110,78.2343,68.842,5.27,11.62,0.1,0,0,0,0,82.92,0,0,367,5,2.28906,0.772486,6230
11395690,85.7548,76.5427,6.42,10.91,0.2,0,0,0,0,82.48,0,0,364,5,2.25781,0.77565,5580
11401250,91.006,81.1453,5.81,11.57,1.04,0,0,0,0,79.13,0,0,364,5,2.25781,0.774212,5560
