Timestamp,SocketPower0,SocketPower1,ProbabilityScalarArithmetic,ProbabilityScalarLogic,ProbabilityScalarMemory,ProbabilityScalarBranch,ProbabilityScalarJump,ProbabilityVectorArithmetic,ProbabilityVectorLogic,ProbabilityVectorMemory,ProbabilityVectorBranch,ProbabilityVectorJump,PSUPower0,PSUPower1,SystemCpuUsage,ProcessCpuUsage,TimeDifference
282924460,92.9223,94.9836,7.75,10.55,24.96,0,0,0,0,0,0,0,483,5,56.6406,55.5782,9840
282934500,107.579,109.041,2.45,14.33,0.02,0,0,0,0,82.89,0,0,486,5,62.8359,61.8269,10040
282943660,117.764,119.353,2.46,14.16,0.02,0,0,0,0,82.86,0,0,484,5,62.1172,61.1192,9160
282952780,119.106,120.732,2.44,14.25,0,0,0,0,0,83.04,0,0,484,5,62.2031,61.2056,9120
282961960,112.93,114.474,2.31,14.25,0,0,0,0,0,83.26,0,0,485,5,62.2109,61.2107,9180
282970760,124.716,126.422,2.38,14.25,0.02,0,0,0,0,83,0,0,484,5,62.1406,61.1471,8800
282980040,117.498,119.121,2.34,14.21,0,0,0,0,0,83.01,0,0,483,5,62.2188,61.2136,9280
282989240,122.429,124.119,2.42,14.33,0.02,0,0,0,0,82.75,0,0,487,5,62.0703,61.0663,9200
282998760,115.247,116.843,2.37,14.28,0.02,0,0,0,0,82.85,0,0,488,5,62.1797,61.1697,9520
283008040,112.591,114.132,2.36,14.23,0.02,0,0,0,0,83.1,0,0,484,5,62.1875,61.1889,9280
283016840,130.477,132.322,2.35,14.21,0.03,0,0,0,0,82.75,0,0,485,5,62.0234,61.0232,8800
283026560,111.367,112.922,2.32,14.31,0.02,0,0,0,0,83.01,0,0,485,5,62.3438,61.3265,9720
283035680,119.659,121.336,2.42,14.32,0.02,0,0,0,0,82.95,0,0,486,5,62.0547,61.0552,9120
283044940,120.193,121.878,2.42,14.2,0.02,0,0,0,0,82.91,0,0,487,5,62.1328,61.1332,9260
283054320,112.776,114.34,2.38,14.24,0.03,0,0,0,0,83,0,0,487,5,62.125,61.1262,9380
283063240,118.941,120.582,2.37,14.29,0.02,0,0,0,0,83.09,0,0,488,5,62.2031,61.2046,8920
283072180,126.348,128.14,2.34,14.22,0,0,0,0,0,82.71,0,0,485,5,62.1953,61.1982,8940
283081760,114.427,116.032,2.44,14.31,0.03,0,0,0,0,82.85,0,0,487,5,61.9922,60.9906,9580
283091040,118.665,120.314,2.38,14.24,0.02,0,0,0,0,82.96,0,0,485,5,62.1406,61.1425,9280
283100280,112.022,113.574,2.37,14.28,0.02,0,0,0,0,83.12,0,0,487,5,62.2031,61.1926,9240
283109120,121.246,121.919,2.82,13.47,0.02,0,0,0,0,80.95,0,0,487,5,62.2344,61.2387,8840
283118160,122.613,123.488,3.2,12.96,0.04,0,0,0,0,80.86,0,0,480,5,61.9062,60.91,9040
283128060,110.411,112.258,8.2,5.39,0.51,0,0,0,0,66.05,0,0,479,5,62.2734,61.2658,9900
283137620,113.751,115.499,8.52,5.03,0.51,0,0,0,0,66.11,0,0,475,5,62.5547,61.5471,9560
283147120,121.578,123.412,7.87,5.59,0.53,0,0,0,0,65.9,0,0,477,5,62.3516,61.4772,9500
283157240,111.777,113.433,7.52,5.85,0.52,0,0,0,0,65.95,0,0,478,5,62.5703,61.4252,10120
283167180,114.842,116.569,7.1,6.35,0.5,0,0,0,0,65.96,0,0,479,5,62.4844,61.4715,9940
283177220,113.072,114.773,7.96,5.57,0.51,0,0,0,0,65.87,0,0,476,5,62.5,61.4911,10040
283187160,116.42,118.142,7.4,6.23,0.5,0,0,0,0,65.77,0,0,477,5,62.3672,61.3602,9940
283197320,112.904,114.605,8.5,5.13,0.54,0,0,0,0,65.89,0,0,476,5,62.6328,61.6076,10160
283207400,110.681,112.355,8.17,5.33,0.5,0,0,0,0,66.1,0,0,478,5,62.5312,61.5137,10080
283217160,-6597.59,118.555,8.17,5.11,0.53,0,0,0,0,66.14,0,0,477,5,62.4844,61.4759,9760
283227160,116.695,118.466,8.19,5.39,0.53,0,0,0,0,65.81,0,0,476,5,62.4844,61.4688,10000
283237400,106.742,108.371,7.72,5.78,0.45,0,0,0,0,66.08,0,0,479,5,62.3438,61.3297,10240
283247000,113.274,115,7.69,5.92,0.53,0,0,0,0,66.06,0,0,477,5,62.5234,61.5165,9600
283256540,113.407,115.105,8.14,5.45,0.53,0,0,0,0,66.02,0,0,476,5,62.5625,61.555,9540
283266040,118.073,119.843,8.45,5.05,0.53,0,0,0,0,66.05,0,0,478,5,62.3828,61.375,9500
283275880,117.133,118.894,8.36,5.01,0.52,0,0,0,0,66.09,0,0,475,5,62.4922,61.4814,9840
283286000,111.871,-6362,8.09,5.39,0.49,0,0,0,0,66.09,0,0,475,5,62.4297,61.4123,10120
283295940,113.326,115.012,8.39,5.23,0.5,0,0,0,0,65.93,0,0,477,5,62.5234,61.5069,9940
283305820,117.853,119.621,8.07,5.48,0.52,0,0,0,0,65.73,0,0,477,5,62.4062,61.3976,9880
283316040,111.483,113.148,7.62,5.85,0.51,0,0,0,0,65.95,0,0,478,5,62.6328,61.6105,10220
283326000,114.195,115.895,8.2,5.16,0.52,0,0,0,0,66.06,0,0,478,5,62.4609,61.4508,9960
283336000,115.698,117.43,8.29,5.32,0.55,0,0,0,0,65.81,0,0,477,5,62.4922,61.4737,10000
283346160,112.704,114.414,8.28,5.17,0.52,0,0,0,0,65.86,0,0,475,5,62.3906,61.3766,10160
283356180,109.437,111.102,8.22,5.36,0.49,0,0,0,0,66.06,0,0,478,5,62.3672,61.3545,10020
283365840,113.159,114.885,8.46,5.12,0.48,0,0,0,0,66.1,0,0,477,5,62.5156,61.5092,9660
283375400,120.282,122.17,7.79,5.72,0.46,0,0,0,0,65.96,0,0,477,5,62.4375,61.4347,9560
283384900,97.418,102.317,5.7,4.77,0.96,0,0,0,0,49.38,0,0,349,5,62.6328,61.6139,9500
