Timestamp,SocketPower0,SocketPower1,ProbabilityScalarArithmetic,ProbabilityScalarLogic,ProbabilityScalarMemory,ProbabilityScalarBranch,ProbabilityScalarJump,ProbabilityVectorArithmetic,ProbabilityVectorLogic,ProbabilityVectorMemory,ProbabilityVectorBranch,ProbabilityVectorJump,PSUPower0,PSUPower1,SystemCpuUsage,ProcessCpuUsage,TimeDifference
535837640,99.423,85.2933,4.41,7.67,14.4401,0,0,0,0,0,0,0,389,5,19.3203,5.47988,7840
535845360,102.784,90.1762,4.14,7.54,14.3201,0,0,0,0,0,0,0,430,5,19.9688,6.17047,7720
535853080,113.898,109.547,6.39,11.98,22.2401,0,0,0,0,0,0,0,432,5,17.3906,6.11509,7720
535860800,116.399,112.583,5.68,11.78,22.6701,0,0,0,0,0,0,0,432,5,19.9297,6.13221,7720
535868680,97.1501,94.2289,2.3,2.11,0.19,0,0,87.83,0,3.16,0,0,435,5,20.0938,6.19491,7880
535875320,104.137,98.6363,3.2,2.68,0,0,0,91.22,0,2.68,0,0,433,5,19.8906,6.13539,6640
535881240,126.165,123.48,2.01,1.96,0.16,0,0,89.67,0,2.19,0,0,435,5,20.0312,6.19553,5920
535887760,101.919,101.457,2.03,2.18,0.02,0,0,93.62,0,1.98,0,0,435,5,19.8594,6.13497,6520
535893560,129.398,129.51,2.62,2.35,0.31,0,0,87.94,0,3,0,0,434,5,19.9922,6.18265,5800
535900120,102.651,104.206,2.21,1.99,0.03,0,0,93.44,0,2.18,0,0,433,5,19.7969,6.11352,6560
535906080,112.944,115.715,2.18,1.82,0.08,0,0,93.58,0,2,0,0,431,5,19.9844,6.18402,5960
535912080,109.837,110.772,2.47,2.39,0.04,0,0,92.89,0,2,0,0,434,5,19.8906,6.14974,6000
535917880,113.71,117.241,2.23,1.78,0.02,0,0,93.67,0,2.17,0,0,436,5,20.0547,6.20524,5800
535923760,111.484,115.923,2.91,2.39,0.04,0,0,91.86,0,2.58,0,0,434,5,19.8906,6.15168,5880
535929560,112.619,117.612,2.34,2.14,0,0,0,93.4,0,1.93,0,0,435,5,19.9141,6.16037,5800
535935440,111.371,117.199,2.34,2.13,0,0,0,93.16,0,2.17,0,0,436,5,19.9609,6.17375,5880
535941320,122.074,126.904,2.81,2.6,0.04,0,0,90.28,0,2.75,0,0,434,5,19.9141,6.16231,5880
535947760,102.533,107.903,2.35,1.73,0.02,0,0,93.85,0,1.84,0,0,436,5,19.8438,6.13354,6440
535953640,113.293,118.108,2.27,2.46,0.02,0,0,92.66,0,2.23,0,0,435,5,19.9531,6.17082,5880
535959560,111.629,116.924,2.67,2.33,0.04,0,0,92.13,0,2.55,0,0,435,5,19.9844,6.18666,5920
535965520,123.999,129.898,2.42,1.93,0.08,0,0,89.8,0,2.97,0,0,438,5,20.0156,6.18755,5960
535972120,100.608,105.072,2.63,2.2,0,0,0,92.65,0,2.18,0,0,434,5,19.8828,6.14528,6600
535978000,112.64,117.504,2.29,2.25,0,0,0,92.93,0,2.27,0,0,435,5,19.9141,6.1695,5880
535983920,109.989,116.019,2.04,1.94,0.04,0,0,93.95,0,1.91,0,0,438,5,20.0234,6.20217,5920
535989800,110.837,114.863,2.57,2.81,0.02,0,0,92.26,0,2.19,0,0,435,5,19.8203,6.13441,5880
535995560,112.927,118.779,2.29,2.06,0.02,0,0,93.69,0,1.8,0,0,438,5,19.8906,6.15975,5760
536001360,111.78,117.525,2.78,2.5,0.04,0,0,92.2,0,2.27,0,0,433,5,19.8438,6.14699,5800
536007240,113.58,117.484,2.74,2.17,0.15,0,0,92.21,0,2.34,0,0,436,5,20.0312,6.19612,5880
536013200,109.365,116.547,2,1.88,0,0,0,94.11,0,1.74,0,0,435,5,19.9688,6.18797,5960
536019080,110.967,115.157,3.4,2.4,0,0,0,91.65,0,2.38,0,0,434,5,19.7109,6.09663,5880
536024880,121.592,127.309,1.88,1.77,0,0,0,93.8,0,1.65,0,0,435,5,19.9219,6.16783,5800
536031200,103.093,108.986,2.25,2.01,0.03,0,0,93.59,0,1.83,0,0,433,5,20.1172,6.22371,6320
536037080,111.97,-11028.8,2.63,2.28,0.02,0,0,92.24,0,2.64,0,0,435,5,19.6094,6.06648,5880
536042920,112.408,118.069,1.95,1.83,0,0,0,94.11,0,1.87,0,0,437,5,20.1172,6.22979,5840
536048800,111.205,117.265,2.74,2.15,0,0,0,92.32,0,2.55,0,0,433,5,19.8906,6.16098,5880
536054680,113.459,117.037,2.81,2.45,0.02,0,0,91.68,0,2.73,0,0,437,5,19.8984,6.15035,5880
536060640,109.866,116.912,1.6,1.68,0.04,0,0,94.8,0,1.61,0,0,436,5,19.9219,6.17478,5960
536066480,111.38,115.883,2.96,2.61,0.07,0,0,91.61,0,2.55,0,0,431,5,19.7422,6.10581,5840
536072320,112.19,116.949,2.21,2.02,0,0,0,93.61,0,1.96,0,0,435,5,19.8984,6.15571,5840
536078200,-11031.9,120.586,2.05,2,0.06,0,0,93.1,0,2.29,0,0,437,5,19.9453,6.17642,5880
536084200,121.48,125.633,3.1,3.07,0.12,0,0,85.81,0,3.64,0,0,438,5,19.9844,6.17578,6000
536090680,101.734,107.309,1.75,1.66,0.04,0,0,94.6,0,1.72,0,0,436,5,19.9297,6.15717,6480
536096640,119.122,125.36,2.4,2.4,0,0,0,90.48,0,2.69,0,0,434,5,19.9453,6.16818,5960
536102920,105.918,109.751,2.75,2.49,0,0,0,92.09,0,2.45,0,0,436,5,19.8281,6.13037,6280
536108880,110.865,116.515,1.91,1.94,0,0,0,94.02,0,1.82,0,0,438,5,19.875,6.19553,5960
536114760,113.242,118.864,2.44,2.22,0.06,0,0,92.92,0,2.06,0,0,435,5,20.0234,6.1563,5880
536120760,110.297,114.603,2.45,2.23,0.06,0,0,92.6,0,2.47,0,0,438,5,19.8125,6.12891,6000
536126640,110.307,116.003,2.37,2.06,0.04,0,0,92.79,0,2.53,0,0,438,5,19.8906,6.16364,5880
536132440,112.666,117.841,2.8,2.79,0.11,0,0,91.55,0,2.47,0,0,437,5,20.0625,6.21338,5800
