Timestamp,SocketPower0,SocketPower1,ProbabilityScalarArithmetic,ProbabilityScalarLogic,ProbabilityScalarMemory,ProbabilityScalarBranch,ProbabilityScalarJump,ProbabilityVectorArithmetic,ProbabilityVectorLogic,ProbabilityVectorMemory,ProbabilityVectorBranch,ProbabilityVectorJump,PSUPower0,PSUPower1,SystemCpuUsage,ProcessCpuUsage,TimeDifference
228164980,88.6029,87.5716,7.3,15.02,26.46,0,0,0,0,0,0,0,383,5,2.01562,0.611023,4360
228169460,90.8334,85.238,6.92,17.17,25.72,0,0,0,0,0,0,0,400,5,2.1875,0.775995,4480
228173940,85.1754,73.7495,19,18,17.21,0,0,43.91,0,1.79,0,0,391,5,2.19531,0.78125,4480
228177780,98.0214,84.8863,4.39,3.48,0.1,0,0,88.35,0,3.29,0,0,392,5,2.125,0.773196,3840
228181600,98.4324,85.2558,3.19,4.44,0.2,0,0,88.89,0,2.99,0,0,395,5,2.125,0.775146,3820
228185420,98.8128,85.5382,4.58,3.28,0.4,0,0,87.36,0,4.08,0,0,393,5,2.14062,0.777138,3820
228189240,98.5254,85.3091,4.2,4.55,0,0,0,87.45,0,3.49,0,0,396,5,2.125,0.777181,3820
228193080,97.9075,84.7366,4.65,3.26,0.6,0,0,88.75,0,2.76,0,0,392,5,2.14062,0.779205,3840
228196900,98.9539,85.6905,4.37,3.49,0.1,0,0,88.01,0,3.58,0,0,395,5,2.125,0.77716,3820
228200740,97.9421,84.7389,4.28,4.19,0.3,0,0,88.33,0,2.79,0,0,392,5,2.13281,0.775146,3840
228204540,98.6513,85.4037,4.39,3.79,0.23,0,0,88.09,0,3.39,0,0,395,5,2.14062,0.78125,3800
228208340,98.8178,85.5443,3.88,4.28,0.4,0,0,88.21,0,3.21,0,0,392,5,2.11719,0.771024,3800
228212180,98.5077,85.2417,4.37,3.79,0.6,0,0,87.61,0,3.32,0,0,399,5,2.125,0.77716,3840
228216020,97.7091,84.6334,3.99,3.29,0.1,0,0,89.54,0,3.09,0,0,392,5,2.14062,0.78125,3840
228219820,99.2188,85.8311,4.18,3.39,0.5,0,0,88.35,0,3.19,0,0,395,5,2.125,0.775115,3800
228223640,98.6492,85.4354,3.19,4.49,0.3,0,0,87.44,0,4.31,0,0,393,5,2.13281,0.77716,3820
228227460,98.5653,85.2986,3.85,4.09,0.2,0,0,88.21,0,3.49,0,0,392,5,2.125,0.775146,3820
228231300,98.1517,84.9681,4.35,3.99,0.2,0,0,87.45,0,3.59,0,0,393,5,2.13281,0.779194,3840
228235120,98.5285,85.2171,2.79,3.29,0.6,0,0,89.81,0,3.41,0,0,392,5,2.125,0.775146,3820
228238940,98.4027,85.1488,4.39,2.69,0.3,0,0,89.41,0,2.99,0,0,396,5,2.125,0.77716,3820
228242760,98.4283,85.2156,4.41,3.78,0.4,0,0,88.04,0,3.09,0,0,392,5,2.125,0.77716,3820
228245560,99.248,86.4655,3.99,4.43,0.4,0,0,87.58,0,3.5,0,0,401,5,2.14062,0.777138,2800
228249400,98.702,85.4144,3.49,3.51,0.2,0,0,88.62,0,3.79,0,0,392,5,2.23438,0.772997,3840
228253240,97.9451,84.7575,3.98,2.99,0.3,0,0,89.34,0,3.39,0,0,394,5,2.14062,0.779215,3840
228257040,99.154,85.8118,3.67,3.43,0.2,0,0,89.81,0,2.69,0,0,392,5,2.125,0.77716,3800
228260880,98.2808,85.082,3.94,3.49,0.5,0,0,88.5,0,3.39,0,0,391,5,2.14062,0.779194,3840
228264700,98.7412,85.4357,4.08,3.78,0.4,0,0,88.33,0,3.18,0,0,392,5,2.125,0.775146,3820
228268540,98.3622,85.0693,3.89,3.39,0,0,0,89.05,0,3.19,0,0,392,5,2.125,0.775146,3840
228272360,98.8516,85.5903,4.15,3.39,0.5,0,0,88.95,0,2.71,0,0,395,5,2.14062,0.779205,3820
228276180,98.9069,85.54,3.79,3.83,0.1,0,0,88.67,0,3.39,0,0,393,5,2.125,0.777181,3820
228280040,98.3049,85.0705,3.09,4.09,0.29,0,0,89.64,0,2.69,0,0,397,5,2.125,0.775146,3860
228283880,98.1873,85.025,4.41,2.59,0.1,0,0,89.17,0,3.59,0,0,393,5,2.14844,0.779205,3840
228287700,98.6062,85.2948,4.38,4.09,0.2,0,0,87.85,0,3.4,0,0,399,5,2.125,0.775146,3820
228291540,98.5372,85.3104,3.89,3,0,0,0,89.9,0,2.89,0,0,392,5,2.11719,0.775146,3840
228295380,98.1049,84.8551,3.79,3.67,0.3,0,0,88.81,0,3.12,0,0,393,5,2.14844,0.78125,3840
228299180,99.0255,85.6399,3.49,3.59,0.42,0,0,89.02,0,3.49,0,0,393,5,2.11719,0.771078,3800
228303000,98.4569,85.2166,3.38,3.08,0.09,0,0,91.17,0,2.19,0,0,392,5,2.14062,0.78125,3820
228306820,98.5438,85.2335,3.09,5,0.3,0,0,88.03,0,3.29,0,0,395,5,2.125,0.77716,3820
228310620,98.8137,85.5633,3.69,2.94,0.2,0,0,88.99,0,3.89,0,0,393,5,2.13281,0.775115,3800
228314460,98.1486,84.8806,2.69,3.88,0.3,0,0,89.22,0,3.52,0,0,397,5,2.13281,0.77716,3840
228318260,98.8672,85.5299,4.58,4.52,0.4,0,0,86.51,0,3.98,0,0,391,5,2.13281,0.775115,3800
228322100,98.0143,84.8363,4.65,4.82,0.6,0,0,86.46,0,3.39,0,0,395,5,2.125,0.77716,3840
228325900,99.0111,85.6486,3.88,3.78,0.1,0,0,88.28,0,3.78,0,0,392,5,2.13281,0.77716,3800
228329740,98.175,84.9665,4.28,3.68,0.3,0,0,87.57,0,3.89,0,0,396,5,2.125,0.77716,3840
228333540,98.8292,85.4862,3.59,3.79,0,0,0,89.23,0,3.29,0,0,394,5,2.14062,0.779194,3800
228337360,98.6175,85.3245,4.23,3.79,0.2,0,0,88.31,0,3.47,0,0,398,5,2.125,0.775115,3820
228341180,98.4344,85.236,3.22,3.09,0.1,0,0,90.41,0,3.19,0,0,392,5,2.11719,0.773112,3820
228345000,98.6195,85.2887,3.39,3.59,0.4,0,0,88.85,0,3.58,0,0,398,5,2.13281,0.78125,3820
228348820,98.7954,85.5735,2.71,3.44,0.1,0,0,90,0,3.39,0,0,392,5,2.125,0.775146,3820
228352660,98.2697,84.996,2.59,3.52,0.22,0,0,89.64,0,3.61,0,0,392,5,2.14062,0.77716,3840
228356480,98.8915,85.529,3.7,4.19,0.4,0,0,87.52,0,3.91,0,0,392,5,2.13281,0.779205,3820
228360320,98.0774,84.9264,3.98,4.17,0.4,0,0,88.29,0,3.08,0,0,391,5,2.125,0.775146,3840
228364120,98.86,85.4878,4.54,3.59,0.2,0,0,87.48,0,3.69,0,0,395,5,2.125,0.77716,3800
228367960,97.4864,84.3506,4.62,3.58,0.7,0,0,87.73,0,3.19,0,0,392,5,2.125,0.775115,3840
228371760,99.0461,85.6882,4.19,3.29,0.11,0,0,89.95,0,2.49,0,0,395,5,2.13281,0.777138,3800
228375560,99.447,86.0454,3.64,2.59,0.21,0,0,90.63,0,2.75,0,0,392,5,2.14062,0.779194,3800
228379400,97.8923,84.73,3.59,4.1,0.3,0,0,88.63,0,3.29,0,0,395,5,2.125,0.777181,3840
228383200,98.9093,85.5823,4.2,3.29,0.58,0,0,87.47,0,4.29,0,0,393,5,2.13281,0.77716,3800
228387040,98.3226,85.1191,3.19,3.57,0.2,0,0,88.44,0,4.18,0,0,397,5,2.13281,0.775115,3840
228390880,98.3022,85.0932,3.2,3.89,0.3,0,0,89.01,0,3.49,0,0,392,5,2.13281,0.78125,3840
228394700,98.3138,85.0289,4.59,4.29,0.3,0,0,88.46,0,2.29,0,0,399,5,2.125,0.773112,3820
228398520,98.7565,85.4871,3.09,3.99,0.41,0,0,90.11,0,2.4,0,0,392,5,2.125,0.77716,3820
228402320,99.153,85.7987,3.8,4.69,0.2,0,0,88.13,0,2.89,0,0,392,5,2.13281,0.77716,3800
228406160,98.0754,84.8724,3.73,3.39,0.3,0,0,88.69,0,3.81,0,0,393,5,2.13281,0.77716,3840
228409980,98.8557,85.5617,3.89,4.58,0.5,0,0,87.43,0,3.29,0,0,392,5,2.13281,0.77716,3820
228413840,98.1218,84.8901,3.14,3.98,0.4,0,0,88.74,0,3.26,0,0,396,5,2.125,0.775178,3860
228417680,98.0123,84.8551,4.48,4.49,0.2,0,0,87.05,0,3.68,0,0,392,5,2.125,0.773112,3840
228421480,99.3483,85.9478,4.44,2.49,0.43,0,0,89.94,0,2.69,0,0,396,5,2.14062,0.78125,3800
228425320,98.1201,84.8689,4.19,3.12,0.2,0,0,89.33,0,3.09,0,0,392,5,2.125,0.775146,3840
228429120,99.1674,85.8193,4.47,2.69,0.2,0,0,88.57,0,3.98,0,0,400,5,2.125,0.77716,3800
228432960,97.9736,84.7809,4.28,4.19,0.3,0,0,89.45,0,1.69,0,0,393,5,2.13281,0.775146,3840
228436760,99.2002,85.8491,3.6,4.19,0.3,0,0,88.81,0,2.92,0,0,398,5,2.13281,0.779194,3800
228440600,97.8729,84.7285,3.98,3.5,0.2,0,0,89.28,0,2.96,0,0,392,5,2.125,0.777181,3840
228444420,98.6512,85.3741,4.39,3.69,0,0,0,88.44,0,3.19,0,0,397,5,2.13281,0.779194,3820
228448240,98.1675,84.9538,3.81,3.2,0.2,0,0,89.5,0,3.19,0,0,392,5,2.11719,0.771078,3820
228452040,99.1591,85.81,3.48,3.88,0.4,0,0,87.18,0,4.66,0,0,392,5,2.13281,0.779194,3800
228455880,97.8058,84.6141,4.06,4.01,0.2,0,0,88.43,0,3.18,0,0,393,5,2.13281,0.779205,3840
228459680,99.4644,86.0804,4.09,3.58,0.4,0,0,88.56,0,2.9,0,0,392,5,2.13281,0.775115,3800
228463540,97.7251,84.5577,3.39,4.19,0.3,0,0,87.77,0,3.97,0,0,396,5,2.125,0.777181,3860
228467340,98.8641,85.6008,2.92,4.19,0.3,0,0,89.51,0,2.79,0,0,393,5,2.14062,0.779194,3800
228471180,98.2463,85.025,3.59,3.89,0.1,0,0,89.03,0,3.09,0,0,396,5,2.11719,0.773112,3840
228475000,98.868,85.5407,3.99,3.89,0.3,0,0,88.2,0,3.29,0,0,393,5,2.14062,0.78125,3820
228478820,98.8435,85.5305,3.49,2.72,0.3,0,0,89.97,0,3.51,0,0,397,5,2.125,0.775146,3820
228482660,98.0214,84.8175,3.7,3.26,0.1,0,0,89.37,0,3.29,0,0,393,5,2.14062,0.77716,3840
228486480,-17056.3,85.5244,3.99,4.02,0.1,0,0,88.75,0,2.84,0,0,399,5,2.13281,0.77716,3820
228490320,97.7599,84.5601,4.18,4.38,0.3,0,0,88.35,0,2.59,0,0,393,5,2.125,0.775146,3840
228494120,99.1656,85.7658,5.28,5.5,0.3,0,0,85.53,0,3.19,0,0,396,5,2.14062,0.779194,3800
228497940,98.5544,85.2708,5.33,4.55,0.1,0,0,86.65,0,3.17,0,0,392,5,2.11719,0.773112,3820
228501760,98.9808,86.0878,33.16,33.15,33.6,0,0,0,0,0,0,0,378,5,2.14844,0.78125,3820
228505620,96.9641,84.4408,4.8,2.49,0.14,0,0,88.6,0,3.68,0,0,391,5,2.13281,0.775178,3860
228509460,101.318,88.1571,4.4,4.76,0.7,0,0,82.7,0,3.98,0,0,391,5,2.11719,0.773112,3840
228513420,94.001,82.3292,4.83,3.88,0.21,0,0,87.21,0,3.88,0,0,396,5,2.14844,0.779277,3960
228517240,97.9362,85.2974,3.82,2.28,0.1,0,0,90.24,0,3.46,0,0,392,5,2.13281,0.77716,3820
228521060,102.517,89.1862,3.5,5.57,0.88,0,0,83.17,0,3.48,0,0,399,5,2.125,0.77716,3820
228525060,93.0555,81.6055,3.99,3.39,0.1,0,0,89.14,0,3.29,0,0,392,5,2.14844,0.777344,4000
228528880,98.1399,85.3291,3.68,3.79,0.1,0,0,88.53,0,3.78,0,0,392,5,2.13281,0.775115,3820
228532700,102.484,89.4521,4.45,3.83,1.58,0,0,82.93,0,4.37,0,0,395,5,2.13281,0.779205,3820
228536720,92.5457,80.8176,2.69,2.98,0,0,0,90.37,0,3.86,0,0,375,5,2.14844,0.775391,4020
228540540,98.4193,85.7187,3.58,3.99,0.1,0,0,89.59,0,2.29,0,0,399,5,2.11719,0.773112,3820
