Timestamp,SocketPower0,SocketPower1,ProbabilityScalarArithmetic,ProbabilityScalarLogic,ProbabilityScalarMemory,ProbabilityScalarBranch,ProbabilityScalarJump,ProbabilityVectorArithmetic,ProbabilityVectorLogic,ProbabilityVectorMemory,ProbabilityVectorBranch,ProbabilityVectorJump,PSUPower0,PSUPower1,SystemCpuUsage,ProcessCpuUsage,TimeDifference
279968400,88.0036,89.9092,2.66,24.49,14.59,0,0,0,0,0,0,0,421,5,17.9766,16.5561,8780
279977160,83.3819,84.7418,13.83,16.45,69.21,0,0,0,0,0,0,0,420,5,19.9219,18.5188,8760
279984440,104.673,106.34,13.55,15.88,70.04,0,0,0,0,0,0,0,423,5,19.9453,18.5813,7280
279991900,97.3887,98.9569,14.13,16.43,69.16,0,0,0,0,0,0,0,420,5,19.9688,18.6017,7460
279999040,106.091,107.853,13.91,16.54,68.92,0,0,0,0,0,0,0,422,5,19.9922,18.6348,7140
280006440,101.887,103.539,13.71,16,69.8,0,0,0,0,0,0,0,423,5,19.9297,18.562,7400
280013840,97.9841,99.5766,13.73,16.07,69.84,0,0,0,0,0,0,0,424,5,19.9375,18.579,7400
280020960,104.293,106.002,13.71,16.23,69.58,0,0,0,0,0,0,0,425,5,19.9844,18.6312,7120
280028240,95.3195,96.85,14.07,16.28,69.47,0,0,0,0,0,0,0,421,5,19.9688,18.6094,7280
280035060,110.73,112.533,13.89,16.06,69.45,0,0,0,0,0,0,0,423,5,19.9062,18.5667,6820
280042460,108.402,110.218,13.56,16.55,68.83,0,0,0,0,0,0,0,423,5,19.9375,18.5716,7400
280050340,92.4919,93.9956,13.51,16.52,69.57,0,0,0,0,0,0,0,422,5,19.9531,18.5834,7880
280057460,104.877,106.622,14.03,16.19,69.31,0,0,0,0,0,0,0,422,5,19.9688,18.6154,7120
280064840,106.144,107.893,13.72,16.4,69.14,0,0,0,0,0,0,0,419,5,19.9375,18.5792,7380
280072500,98.3258,99.9487,13.95,16.87,68.63,0,0,0,0,0,0,0,421,5,19.9688,18.6582,7660
280079840,94.379,95.9157,13.78,16.5,69.54,0,0,0,0,0,0,0,422,5,19.9609,18.5505,7340
280086660,108.201,110.01,14.15,16.36,69.11,0,0,0,0,0,0,0,422,5,19.8672,18.6405,6820
280093880,101.143,102.816,13.62,16.58,69.34,0,0,0,0,0,0,0,421,5,20,18.5412,7220
280101060,104.173,105.899,13.62,16.53,69.33,0,0,0,0,0,0,0,420,5,19.9844,18.6212,7180
280108340,102.372,104.062,13.9,16.03,69.47,0,0,0,0,0,0,0,420,5,19.9375,18.5808,7280
280115660,103.824,105.532,13.69,16.13,69.34,0,0,0,0,0,0,0,422,5,19.9688,18.598,7320
280123160,101.635,103.32,13.7,16.4,69.31,0,0,0,0,0,0,0,420,5,20,18.6334,7500
280130660,101.721,103.433,13.95,16.42,69.06,0,0,0,0,0,0,0,423,5,19.8984,18.5354,7500
280138100,99.9086,101.555,14.08,16.4,69,0,0,0,0,0,0,0,423,5,19.9844,18.6236,7440
280145400,101.464,103.137,13.31,16.51,69.55,0,0,0,0,0,0,0,423,5,19.9688,18.6041,7300
280152660,101.941,103.65,14.01,16.56,68.94,0,0,0,0,0,0,0,421,5,19.9062,18.5504,7260
280159900,101.607,103.262,14.06,15.77,69.71,0,0,0,0,0,0,0,422,5,20.0234,18.654,7240
280167220,103.637,105.355,13.68,16.64,69.13,0,0,0,0,0,0,0,422,5,19.9531,18.6007,7320
280174600,100.049,101.687,13.65,16.39,69.56,0,0,0,0,0,0,0,420,5,19.9453,18.5883,7380
280181840,101.633,103.32,13.88,16.45,69.18,0,0,0,0,0,0,0,425,5,19.8984,18.5455,7240
280189060,105.822,107.551,13.67,15.86,69.9,0,0,0,0,0,0,0,421,5,19.9297,18.5736,7220
280196540,100.694,102.396,13.48,16.52,69.41,0,0,0,0,0,0,0,420,5,20,18.6382,7480
280203900,101.688,103.365,14,16.02,69.51,0,0,0,0,0,0,0,423,5,19.9688,18.606,7360
280211320,103.481,105.184,13.81,16.41,69.15,0,0,0,0,0,0,0,420,5,19.9609,18.5935,7420
280218720,100.612,102.242,13.73,16.83,68.75,0,0,0,0,0,0,0,425,5,19.9531,18.5697,7400
280226120,100.193,101.836,13.87,16.6,69.08,0,0,0,0,0,0,0,425,5,20.0469,18.6491,7400
280233320,100.569,102.233,13.85,16.7,69.14,0,0,0,0,0,0,0,421,5,19.9062,18.5579,7200
280240500,108.425,110.252,13.56,16.4,69.26,0,0,0,0,0,0,0,421,5,19.9766,18.6213,7180
280248100,96.1816,97.7704,13.82,15.96,69.73,0,0,0,0,0,0,0,420,5,19.8906,18.5246,7600
280255180,106.255,108.058,13.64,16.43,69.31,0,0,0,0,0,0,0,423,5,20.0312,18.669,7080
280262620,100.187,101.864,13.93,17.05,68.57,0,0,0,0,0,0,0,424,5,19.9766,18.6092,7440
280269900,101.103,102.777,13.73,16.43,69.34,0,0,0,0,0,0,0,422,5,19.9219,18.5664,7280
280277120,99.9789,101.62,13.91,16.39,69.3,0,0,0,0,0,0,0,422,5,19.9141,18.5466,7220
280284220,104.06,105.798,13.79,16.85,68.96,0,0,0,0,0,0,0,422,5,20.0234,18.6659,7100
280291460,-8950.34,102.785,14.1,16.42,68.99,0,0,0,0,0,0,0,423,5,19.9609,18.6011,7240
280298560,99.0557,100.709,14.09,16.26,69.34,0,0,0,0,0,0,0,423,5,19.8828,18.5243,7100
280305540,105.795,107.519,13.57,16.44,69.48,0,0,0,0,0,0,0,423,5,19.9688,18.6141,6980
280312760,103.082,104.795,13.43,15.89,66.22,0,0,0,0,0,0,0,422,5,19.9766,18.6158,7220
280320060,101.978,103.684,13.13,15.77,66.67,0,0,0,0,0,0,0,421,5,19.9922,18.6223,7300
