Timestamp,SocketPower0,SocketPower1,ProbabilityScalarArithmetic,ProbabilityScalarLogic,ProbabilityScalarMemory,ProbabilityScalarBranch,ProbabilityScalarJump,ProbabilityVectorArithmetic,ProbabilityVectorLogic,ProbabilityVectorMemory,ProbabilityVectorBranch,ProbabilityVectorJump,PSUPower0,PSUPower1,SystemCpuUsage,ProcessCpuUsage,TimeDifference
22455540,78.5909,80.4806,1.03,29.27,12.97,0,0,0,0,0,0,0,370,5,45.6406,44.469,9470
22464410,110.803,112.879,1.07,28.95,12.82,0,0,0,0,0,0,0,486,5,50.7578,49.6405,8870
22475110,114.427,115.944,3.13,13.3,0.02,0,0,0,0,82.87,0,0,482,5,50.7109,49.5719,10700
22485540,114.437,115.965,3.14,13.41,0.04,0,0,0,0,82.71,0,0,485,5,50.4922,49.3294,10430
22495720,117.993,119.585,3.3,13.3,0,0,0,0,0,82.86,0,0,486,5,50.5312,49.3747,10180
22505950,114.046,115.571,3.3,13.33,0.02,0,0,0,0,82.89,0,0,485,5,50.5156,49.3562,10230
22515880,130.116,131.883,3.18,13.22,0.02,0,0,0,0,82.85,0,0,485,5,50.5156,49.3596,9930
22526890,111.614,113.14,3.25,13.27,0.02,0,0,0,0,82.95,0,0,487,5,50.4922,49.3253,11010
22537320,109.967,111.464,3.29,13.38,0,0,0,0,0,82.95,0,0,486,5,50.5234,49.3713,10430
22547080,129.324,131.107,3.22,13.26,0.03,0,0,0,0,82.76,0,0,486,5,50.4844,49.3396,9760
22557840,107.428,108.898,3.32,13.49,0.02,0,0,0,0,82.63,0,0,486,5,50.5078,49.3504,10760
22567670,123.444,125.138,3.34,13.36,0.05,0,0,0,0,82.59,0,0,484,5,50.5,49.3531,9830
22577990,117.977,119.608,3.26,13.22,0.03,0,0,0,0,82.72,0,0,486,5,50.5078,49.3496,10320
22588340,108.331,109.809,3.27,13.38,0,0,0,0,0,83.03,0,0,486,5,50.5156,49.3569,10350
22597870,114.704,116.29,3.36,13.42,0,0,0,0,0,82.97,0,0,487,5,50.5,49.3548,9530
22607180,131.917,133.721,3.31,13.32,0.05,0,0,0,0,82.47,0,0,487,5,50.4688,49.3287,9310
22617640,119.869,121.529,3.21,13.21,0.02,0,0,0,0,82.76,0,0,486,5,50.5234,49.3677,10460
22628280,111.202,112.747,3.24,13.43,0.03,0,0,0,0,82.73,0,0,484,5,50.5234,49.3617,10640
22638340,114.415,115.994,3.24,13.39,0,0,0,0,0,82.99,0,0,488,5,50.4688,49.3126,10060
22648130,123.765,125.486,3.19,13.27,0,0,0,0,0,83.02,0,0,484,5,50.5,49.3522,9790
22658430,109.042,110.536,3.2,13.4,0.02,0,0,0,0,82.94,0,0,484,5,50.5156,49.3574,10300
22667980,123.322,125.02,3.21,13.31,0,0,0,0,0,83.04,0,0,487,5,50.5234,49.3743,9550
22678000,112.089,113.633,3.2,13.37,0,0,0,0,0,83.15,0,0,487,5,50.4844,49.3349,10020
22687570,130.384,132.181,3.33,13.3,0,0,0,0,0,82.81,0,0,488,5,50.4766,49.3307,9570
22698170,115.397,116.999,3.32,13.29,0.02,0,0,0,0,82.86,0,0,488,5,50.5156,49.3564,10600
22708570,107.642,109.118,3.29,13.19,0,0,0,0,0,83.19,0,0,484,5,50.5234,49.3697,10400
22718070,122.289,123.995,3.24,13.42,0.02,0,0,0,0,82.83,0,0,487,5,50.4766,49.3329,9500
22727960,124.904,126.625,3.23,13.36,0.02,0,0,0,0,82.68,0,0,484,5,50.4922,49.3412,9890
22738470,105.426,106.893,3.28,13.33,0,0,0,0,0,83.06,0,0,485,5,50.5234,49.3661,10510
22747900,132.813,134.644,3.24,13.31,0.02,0,0,0,0,82.81,0,0,484,5,50.5234,49.3788,9430
22758550,116.684,118.308,3.28,13.26,0,0,0,0,0,82.96,0,0,487,5,50.5156,49.353,10650
22769110,105.462,106.935,3.23,13.41,0,0,0,0,0,83.07,0,0,488,5,50.4922,49.3334,10560
22778580,118.111,119.746,3.31,13.5,0,0,0,0,0,82.91,0,0,488,5,50.4766,49.3359,9470
22788070,126.359,128.113,3.2,13.28,0,0,0,0,0,82.91,0,0,488,5,50.4844,49.3403,9490
22798270,118.369,120.02,3.22,13.27,0.02,0,0,0,0,83.06,0,0,487,5,50.5156,49.3652,10200
22808530,118.484,120.134,3.28,13.25,0,0,0,0,0,82.85,0,0,487,5,50.4922,49.3351,10260
22818870,123.025,124.734,3.14,13.35,0.04,0,0,0,0,82.57,0,0,487,5,50.5469,49.3859,10340
22829720,-5927.55,113.907,3.1,13.36,0.02,0,0,0,0,83.02,0,0,485,5,50.5156,49.3545,10850
22840050,117.153,118.775,3.25,13.29,0,0,0,0,0,82.66,0,0,486,5,50.4922,49.3394,10330
22850340,117.94,119.597,3.28,13.35,0.02,0,0,0,0,82.8,0,0,488,5,50.5,49.3486,10290
22860690,118.686,120.337,3.2,13.36,0.04,0,0,0,0,82.55,0,0,486,5,50.5078,49.3534,10350
22871120,122.742,124.467,3.27,13.35,0.04,0,0,0,0,82.56,0,0,486,5,50.4844,49.3295,10430
22881990,104.554,106.029,3.27,13.39,0,0,0,0,0,83.05,0,0,487,5,50.5312,49.3681,10870
22891660,135.305,137.197,3.3,13.27,0.04,0,0,0,0,82.59,0,0,485,5,50.4922,49.3449,9670
22902800,113.951,115.552,3.14,13.37,0.03,0,0,0,0,82.61,0,0,487,5,50.4922,49.3317,11140
22913570,114.528,116.146,3.28,13.4,0.02,0,0,0,0,82.7,0,0,485,5,50.5312,49.376,10770
22924090,112.37,-6115.38,3.23,13.18,0.02,0,0,0,0,83.12,0,0,487,5,50.5156,49.3549,10520
22934120,122.677,124.454,3.23,13.4,0.02,0,0,0,0,82.57,0,0,487,5,50.5156,49.365,10030
22944580,107.575,109.106,3.25,13.3,0,0,0,0,0,83.12,0,0,486,5,50.4609,49.306,10460
