Timestamp,SocketPower0,SocketPower1,ProbabilityScalarArithmetic,ProbabilityScalarLogic,ProbabilityScalarMemory,ProbabilityScalarBranch,ProbabilityScalarJump,ProbabilityVectorArithmetic,ProbabilityVectorLogic,ProbabilityVectorMemory,ProbabilityVectorBranch,ProbabilityVectorJump,PSUPower0,PSUPower1,SystemCpuUsage,ProcessCpuUsage,TimeDifference
181395800,94.7978,93.3961,8.79,15.11,26.85,0,0,0,0,0,0,0,303,5,2.02344,0.611023,4360
181400240,98.4142,92.652,7.08,14.85,28.01,0,0,0,0,0,0,0,322,5,2.1875,0.78125,4440
181404700,95.0051,79.2802,22.81,22.97,18.91,0,0,0,0,35.05,0,0,318,5,2.1875,0.774275,4460
181408560,110.551,90.9256,6.58,9.93,0.5,0,0,0,0,82.77,0,0,321,5,2.125,0.775178,3860
181412400,110.772,91.1413,7.67,10.49,0,0,0,0,0,81.75,0,0,319,5,2.125,0.775146,3840
181416200,112.029,92.1767,8.18,9.22,0.2,0,0,0,0,82.28,0,0,326,5,2.13281,0.777138,3800
181420020,111.697,91.961,6.93,10.13,0.2,0,0,0,0,82.34,0,0,317,5,2.13281,0.775115,3820
181423840,112.019,92.2018,8.13,10.33,0.18,0,0,0,0,81.26,0,0,321,5,2.125,0.775146,3820
181427680,111.582,91.8218,7.09,9.32,0.1,0,0,0,0,82.8,0,0,318,5,2.125,0.773112,3840
181431540,110.168,90.6979,6.79,9.74,0.4,0,0,0,0,82.77,0,0,318,5,2.13281,0.775146,3860
181435340,112.023,92.1926,5.88,10.74,0.7,0,0,0,0,82.6,0,0,319,5,2.13281,0.779194,3800
181439180,111.883,92.1163,7.42,10.18,0.2,0,0,0,0,81.81,0,0,319,5,2.11719,0.773112,3840
181443020,111.1,91.4703,7.22,9.17,0.2,0,0,0,0,83.32,0,0,321,5,2.14062,0.775146,3840
181446840,111.335,91.578,7.58,9.05,0.2,0,0,0,0,82.97,0,0,318,5,2.13281,0.77716,3820
181450660,111.536,91.7826,7.07,9.49,0.2,0,0,0,0,82.96,0,0,322,5,2.11719,0.775115,3820
181454480,111.934,92.0791,7.5,9.28,0.3,0,0,0,0,82.72,0,0,318,5,2.14062,0.77716,3820
181458320,111.095,91.4124,6.48,10.56,0.2,0,0,0,0,82.46,0,0,321,5,2.11719,0.771078,3840
181461140,112.157,92.9258,7.7,9.19,0.3,0,0,0,0,82.6,0,0,322,5,2.125,0.77716,2820
181464960,111.357,91.6609,7.37,11.06,0.2,0,0,0,0,81.02,0,0,320,5,2.25,0.770246,3820
181468780,111.721,91.9349,6.39,10.43,0.2,0,0,0,0,82.79,0,0,318,5,2.13281,0.779194,3820
181472600,111.928,92.1221,7.39,9.77,0.2,0,0,0,0,82.65,0,0,319,5,2.11719,0.773112,3820
181476440,111.047,91.3808,6.25,8.57,0.2,0,0,0,0,84.69,0,0,318,5,2.14062,0.779194,3840
181480240,112.121,92.2677,6.88,8.58,0.1,0,0,0,0,83.85,0,0,318,5,2.11719,0.771078,3800
181484080,112.365,92.4662,7.37,9.89,0.52,0,0,0,0,81.73,0,0,322,5,2.13281,0.779194,3840
181487960,111.903,92.0909,6.41,9.38,0.2,0,0,0,0,83.11,0,0,320,5,2.125,0.775209,3880
181491820,110.144,90.6007,7.21,9.59,0.2,0,0,0,0,82.79,0,0,325,5,2.125,0.771234,3860
181495620,112.334,92.4126,6.84,9.88,0.2,0,0,0,0,82.88,0,0,319,5,2.14062,0.78125,3800
181499460,111.486,91.7542,7.97,10.86,0.41,0,0,0,0,80.58,0,0,326,5,2.125,0.771078,3840
181503300,111.785,91.9657,6.68,8.92,0.2,0,0,0,0,83.91,0,0,318,5,2.13281,0.77716,3840
181507120,111.987,92.1803,7.62,8.97,0.2,0,0,0,0,82.92,0,0,320,5,2.11719,0.773154,3820
181510960,111.431,91.6789,6.98,9.46,0.2,0,0,0,0,82.98,0,0,319,5,2.125,0.773112,3840
181514820,111.002,91.3415,6.73,9.55,0.6,0,0,0,0,83.02,0,0,318,5,2.14062,0.77716,3860
181518620,112.508,92.5843,7.08,8.98,0.2,0,0,0,0,83.55,0,0,321,5,2.125,0.775146,3800
181522460,111.096,91.4683,6.89,10.63,0.1,0,0,0,0,82.29,0,0,318,5,2.13281,0.77716,3840
181526280,111.547,91.7549,8.3,10.82,0.3,0,0,0,0,80.58,0,0,323,5,2.125,0.775115,3820
181530100,112.557,92.6303,7.6,9.83,0.6,0,0,0,0,81.68,0,0,319,5,2.125,0.773069,3820
181533960,110.511,90.9701,7.64,9.52,0.3,0,0,0,0,82.16,0,0,325,5,2.13281,0.775178,3860
181537760,112.49,92.5853,7.07,9.76,0,0,0,0,0,82.95,0,0,319,5,2.13281,0.777138,3800
181541600,111.738,91.9566,6.69,9.14,0.5,0,0,0,0,83.46,0,0,326,5,2.125,0.775146,3840
181545440,110.972,91.3279,6.33,9.75,0.2,0,0,0,0,83.62,0,0,320,5,2.13281,0.775146,3840
181549240,112.642,92.6912,7.3,11.17,0,0,0,0,0,81.02,0,0,321,5,2.125,0.773069,3800
181553100,110.961,91.2767,7.85,10.51,0.4,0,0,0,0,81.15,0,0,319,5,2.125,0.775146,3860
181556920,111.913,92.0852,6.48,9.67,0.49,0,0,0,0,82.86,0,0,320,5,2.14062,0.77716,3820
181560740,111.422,91.6987,7.64,9.46,0.1,0,0,0,0,82.81,0,0,320,5,2.11719,0.773112,3820
181564560,111.561,91.8163,7.17,9.28,0.2,0,0,0,0,83.36,0,0,319,5,2.13281,0.777138,3820
181568380,112.224,92.3572,6.37,9.33,0.2,0,0,0,0,83.75,0,0,322,5,2.125,0.775115,3820
181572220,112.694,92.7887,6.1,9.71,0.52,0,0,0,0,82.37,0,0,318,5,2.125,0.773112,3840
181576080,110.639,91.05,6.65,10.13,0.3,0,0,0,0,82.82,0,0,322,5,2.13281,0.775209,3860
181579900,111.887,92.0832,7.07,9.86,0.4,0,0,0,0,82.36,0,0,320,5,2.13281,0.77716,3820
181583740,111.314,91.6687,6.25,9.49,0.2,0,0,0,0,83.86,0,0,324,5,2.13281,0.775115,3840
181587560,112.271,92.4309,6.34,10.71,0.1,0,0,0,0,82.66,0,0,319,5,2.13281,0.77716,3820
181591400,110.935,91.3289,6.43,10.78,0.2,0,0,0,0,82.39,0,0,327,5,2.125,0.777181,3840
181595240,111.194,91.5253,6.77,10.09,0.5,0,0,0,0,82.14,0,0,319,5,2.11719,0.769043,3840
181599040,112.455,92.5442,6.62,9.23,0.4,0,0,0,0,83.49,0,0,319,5,2.125,0.77716,3800
181602880,110.864,91.272,7.08,9.07,0.1,0,0,0,0,83.16,0,0,319,5,2.13281,0.775115,3840
181606680,111.989,92.1865,6.48,9.78,0.1,0,0,0,0,83.44,0,0,319,5,2.11719,0.773069,3800
181610500,111.49,91.7447,8.19,9.87,0.3,0,0,0,0,81.44,0,0,320,5,2.13281,0.777138,3820
181614320,112.471,92.6548,6.75,8.77,0.5,0,0,0,0,83.76,0,0,319,5,2.13281,0.77716,3820
181618160,111.428,91.6656,7.29,10.12,0.3,0,0,0,0,81.98,0,0,324,5,2.13281,0.775146,3840
181621980,111.667,91.8889,7.58,9.66,0.3,0,0,0,0,82.38,0,0,320,5,2.13281,0.779205,3820
181625820,111.085,91.4246,7.55,10.26,0.3,0,0,0,0,81.68,0,0,322,5,2.125,0.769043,3840
181629640,112.154,92.3174,8.93,10.37,0.3,0,0,0,0,80,0,0,320,5,2.13281,0.779205,3820
181633460,111.777,92.0423,7.88,11.07,0.2,0,0,0,0,80.86,0,0,319,5,2.13281,0.771078,3820
181637300,111.345,91.63,6.97,9.94,0.2,0,0,0,0,82.68,0,0,319,5,2.14062,0.78125,3840
181641120,111.978,92.1998,7.56,9.22,0.2,0,0,0,0,82.83,0,0,319,5,2.11719,0.771078,3820
181644960,111.242,91.8325,8.1,9.76,0.4,0,0,0,0,81.69,0,0,321,5,2.125,0.775146,3840
181648800,110.865,95.0043,31.6,33.4,33.23,0,0,0,0,0,0,0,319,5,2.14062,0.779205,3840
181651760,109.935,91.9539,7.06,8.88,1.21,0,0,0,0,81.25,0,0,326,5,2.14062,0.771435,2960
181655700,110.374,91.6749,5.79,8.75,0.49,0,0,0,0,83.02,0,0,317,5,2.25781,0.775935,3940
181659620,114.385,95.3932,6.68,9.73,0.62,0,0,0,0,79.45,0,0,324,5,2.14062,0.775271,3920
181663680,109.57,91.4399,7.72,9.9,1.74,0,0,0,0,76.6,0,0,319,5,2.14844,0.777402,4060
181667720,106.226,88.5762,6.59,9.92,0.29,0,0,0,0,82.65,0,0,316,5,2.14062,0.769704,4040
181671600,116.082,96.8549,6.75,8.54,1.95,0,0,0,0,78.68,0,0,315,5,2.13281,0.777223,3880
181674700,108.686,91.4756,7.53,9.57,1.42,0,0,0,0,77.62,0,0,321,5,2.15625,0.77742,3100
181678760,109.643,91.8113,5.91,9.16,1.23,0,0,0,0,80.03,0,0,324,5,2.27344,0.773591,4060
181682820,108.762,91.1003,5.45,9.01,1.61,0,0,0,0,80.82,0,0,324,5,2.15625,0.779316,4060
181686820,111.6,93.123,6.7,10.95,1.28,0,0,0,0,76.51,0,0,319,5,2.14844,0.773476,4000
181690880,107.394,89.9534,5.65,9.46,0.9,0,0,0,0,82.02,0,0,319,5,2.15625,0.775449,4060
181694840,108.136,90.7868,8.07,9.47,0.59,0,0,0,0,80.28,0,0,322,5,2.14062,0.775361,3960
181698760,113.281,94.6887,7.32,8.9,1.13,0,0,0,0,78.95,0,0,324,5,2.13281,0.773278,3920
181702800,109.682,91.7872,7.32,9.57001,1.45,0,0,0,0,77.72,0,0,319,5,2.15625,0.779307,4040
181706820,110.001,92.3857,8.37,9.36,1.69,0,0,0,0,76.43,0,0,325,5,2.14844,0.773515,4020
181709880,108.646,91.3999,7.62,10.29,0.59,0,0,0,0,77.31,0,0,322,5,2.14844,0.777382,3060
181713900,110.007,92.5946,7.47,11,1.14,0,0,0,0,75.11,0,0,323,5,2.27344,0.770902,4020
181717940,107.941,90.7062,6.48,8.92,1.07,0,0,0,0,80.72,0,0,319,5,2.14844,0.777382,4040
181721920,110.844,92.3288,6.69,11.25,1.06,0,0,0,0,78.92,0,0,325,5,2.14844,0.777324,3980
181725900,111.747,93.6332,6.39,10.38,1.26,0,0,0,0,77.55,0,0,322,5,2.14844,0.773438,3980
181729960,105.297,88.0965,7.79,10.06,0.47,0,0,0,0,80.76,0,0,318,5,2.14062,0.773553,4060
181733860,113.11,94.387,7.6,8.85,1.49,0,0,0,0,78.48,0,0,318,5,2.14844,0.779236,3900
181737840,110.417,92.5398,6.24,9.35,1.11,0,0,0,0,78.84,0,0,322,5,2.14844,0.775391,3980
181741880,108.233,90.6927,7.43,9.67,0.67,0,0,0,0,80.08,0,0,319,5,2.14062,0.773476,4040
181745840,111.99,93.5221,6.94,9.06,1.98,0,0,0,0,79.04,0,0,318,5,2.14062,0.775361,3960
181749880,109.952,92.0937,6.48,11.13,1.97,0,0,0,0,76.83,0,0,323,5,2.14844,0.777363,4040
181753920,109.727,92.0019,7.27,9.87,1.12,0,0,0,0,78.92,0,0,326,5,2.14844,0.771629,4040
181757960,108.976,91.1191,6.07,9.57,1.46,0,0,0,0,79.14,0,0,316,5,2.14844,0.775449,4040
181761960,109.84,92.0586,7.11,9.51,1.09,0,0,0,0,79.53,0,0,301,5,2.14062,0.777344,4000
181765960,105.622,88.6318,7.57,8.97,0.2,0,0,0,0,82.79,0,0,319,5,2.14062,0.76959,4000
181769820,113.729,95.1546,5.8,8.62,0.86,0,0,0,0,81.29,0,0,317,5,2.13281,0.777202,3860
181773820,110.193,92.5068,6.78,10.52,1.3,0,0,0,0,77.58,0,0,326,5,2.14844,0.777324,4000
