Timestamp,SocketPower0,SocketPower1,ProbabilityScalarArithmetic,ProbabilityScalarLogic,ProbabilityScalarMemory,ProbabilityScalarBranch,ProbabilityScalarJump,ProbabilityVectorArithmetic,ProbabilityVectorLogic,ProbabilityVectorMemory,ProbabilityVectorBranch,ProbabilityVectorJump,PSUPower0,PSUPower1,SystemCpuUsage,ProcessCpuUsage,TimeDifference
180532460,96.0579,94.7422,7.61,14.01,25.12,0,0,0,0,0,0,0,308,5,2.07812,0.560662,4360
180536960,95.5512,92.3277,7.77,13.9,28.81,0,0,0,0,0,0,0,322,5,2.19531,0.777762,4500
180540480,87.1105,75.1831,32.83,33.53,33.44,0,0,0,0,0,0,0,321,5,2.1875,0.776065,3520
180544320,110.768,92.248,9.16,8.44,81.82,0,0,0,0,0,0,0,319,5,2.25,0.773112,3840
180548200,108.143,90.0169,8.37,7.86,83.25,0,0,0,0,0,0,0,323,5,2.13281,0.779226,3880
180552020,110.456,91.9625,8.97,8.16,82.58,0,0,0,0,0,0,0,318,5,2.14062,0.777138,3820
180555820,110.576,92.0755,9.08,7.97,82.88,0,0,0,0,0,0,0,320,5,2.11719,0.775146,3800
180559660,109.642,91.3172,9.05,8.45,82.31,0,0,0,0,0,0,0,319,5,2.13281,0.78125,3840
180563460,110.796,92.299,9.24,9.27,81.21,0,0,0,0,0,0,0,322,5,2.125,0.771078,3800
180567300,109.815,91.4124,9.02,8.78,81.99,0,0,0,0,0,0,0,318,5,2.14062,0.783306,3840
180571100,110.587,92.0857,8.65,8.8,82.17,0,0,0,0,0,0,0,321,5,2.125,0.773112,3800
180574940,109.707,91.3305,7.48,8.28,84.13,0,0,0,0,0,0,0,317,5,2.13281,0.77716,3840
180578760,109.996,91.5939,8.88,9.04,82.08,0,0,0,0,0,0,0,322,5,2.125,0.77716,3820
180582580,110.521,92.0259,7.97,9.13,82.65,0,0,0,0,0,0,0,319,5,2.13281,0.77716,3820
180586400,109.912,91.4691,9.08,8.83,81.49,0,0,0,0,0,0,0,317,5,2.125,0.77716,3820
180590200,110.29,91.8986,8.09,8.58,83.04,0,0,0,0,0,0,0,318,5,2.13281,0.777138,3800
180594020,110.273,91.7913,9.18,7.98,82.84,0,0,0,0,0,0,0,317,5,2.11719,0.773069,3820
180597820,110.403,91.8729,9.29,7.48,83.24,0,0,0,0,0,0,0,318,5,2.125,0.77716,3800
180601640,110.089,91.6798,7.93,9.18,82.7,0,0,0,0,0,0,0,318,5,2.125,0.779194,3820
180605460,110.544,92.0735,9.02,8.3,82.25,0,0,0,0,0,0,0,322,5,2.125,0.773069,3820
180609260,110.715,92.1387,8.19,8.81,82.91,0,0,0,0,0,0,0,319,5,2.13281,0.779205,3800
180613100,109.892,91.539,8.16,9.27,82.48,0,0,0,0,0,0,0,322,5,2.14062,0.77716,3840
180616900,110.684,92.1479,7.83,8.97,83.01,0,0,0,0,0,0,0,318,5,2.125,0.775115,3800
180620740,-16955.9,91.5319,8.23,8.6,82.98,0,0,0,0,0,0,0,321,5,2.13281,0.779205,3840
180624560,110.306,91.8189,9.13,8.73,81.94,0,0,0,0,0,0,0,318,5,2.13281,0.775115,3820
180628380,110.267,91.7872,8.94,8.76,82.11,0,0,0,0,0,0,0,322,5,2.125,0.779205,3820
180632200,110.335,91.8981,9.75,9.06,80.9,0,0,0,0,0,0,0,319,5,2.125,0.775115,3820
180636020,110.408,91.916,9.27,7.64,82.87,0,0,0,0,0,0,0,323,5,2.13281,0.775115,3820
180639840,110.264,91.8961,9.22,7.98,82.59,0,0,0,0,0,0,0,318,5,2.13281,0.779205,3820
180643660,110.368,91.8879,9.48,8.79,81.3,0,0,0,0,0,0,0,319,5,2.11719,0.773112,3820
180647480,110.377,91.9042,8.55,8.95,82.39,0,0,0,0,0,0,0,318,5,2.13281,0.78125,3820
180651300,110.565,92.1236,8.16,8.33,83.32,0,0,0,0,0,0,0,319,5,2.125,0.775115,3820
180655120,110.239,91.7718,9.57,8.04,82.21,0,0,0,0,0,0,0,318,5,2.13281,0.77716,3820
180658940,110.259,91.8163,8.17,8.47,83.35,0,0,0,0,0,0,0,319,5,2.125,0.77716,3820
180662760,110.702,92.231,7.97,7.66,84.01,0,0,0,0,0,0,0,322,5,2.125,0.775115,3820
180666580,110.397,91.9763,8.41,8.47,83.04,0,0,0,0,0,0,0,318,5,2.125,0.775146,3820
180670400,110.62,92.12,7.54,8.83,83.53,0,0,0,0,0,0,0,322,5,2.14062,0.78125,3820
180674240,110.358,91.9083,8.98,9.39,81.42,0,0,0,0,0,0,0,318,5,2.13281,0.775146,3840
180678060,110.453,91.9876,8.37,8.75,82.57,0,0,0,0,0,0,0,323,5,2.125,0.775146,3820
180681900,110.036,91.7043,8.88,9.07,81.72,0,0,0,0,0,0,0,318,5,2.125,0.77716,3840
180685720,110.847,92.3036,7.64,7.67,84.5,0,0,0,0,0,0,0,321,5,2.14062,0.77716,3820
180688560,110.291,92.5506,8.87,7.68,83.13,0,0,0,0,0,0,0,321,5,2.125,0.777181,2840
180692400,110.128,91.775,8.45,9.27,82.11,0,0,0,0,0,0,0,319,5,2.25,0.775748,3840
180696220,110.52,92.0346,8.87,8.07,82.96,0,0,0,0,0,0,0,319,5,2.125,0.773112,3820
180700040,110.825,92.3578,9.16,6.94,83.47,0,0,0,0,0,0,0,318,5,2.13281,0.779205,3820
180703880,109.754,91.3406,7.51,8.17,84.11,0,0,0,0,0,0,0,322,5,2.13281,0.775146,3840
180707680,111.022,92.4414,8.26,8.27,83.26,0,0,0,0,0,0,0,319,5,2.13281,0.78125,3800
180711520,110.335,91.9047,8.78,9.2,81.8,0,0,0,0,0,0,0,322,5,2.125,0.775115,3840
180715360,110.056,91.6667,9.23,8.76,82,0,0,0,0,0,0,0,319,5,2.13281,0.777181,3840
180719180,110.439,91.982,9.59,8.36,82.04,0,0,0,0,0,0,0,322,5,2.125,0.77716,3820
180723020,110.123,91.7063,8.77,8.57,82.55,0,0,0,0,0,0,0,319,5,2.14062,0.779205,3840
180726820,111.01,92.3777,8.63,7.48,83.78,0,0,0,0,0,0,0,322,5,2.11719,0.773112,3800
180730640,110.082,91.666,9.5,8.25,81.97,0,0,0,0,0,0,0,319,5,2.13281,0.779194,3820
180734460,111.738,93.0741,8.41,8.22,83.1,0,0,0,0,0,0,0,322,5,2.125,0.775115,3820
180738320,109.437,91.1199,8.38,8.83,82.7,0,0,0,0,0,0,0,318,5,2.125,0.775209,3860
180742160,110.321,91.922,8.12,9.14,82.43,0,0,0,0,0,0,0,319,5,2.14844,0.78125,3840
180745980,110.855,92.3266,9.41,8.64,81.75,0,0,0,0,0,0,0,321,5,2.125,0.777181,3820
180749820,109.896,91.5354,7.97,9.82,82.11,0,0,0,0,0,0,0,319,5,2.11719,0.773112,3840
180753660,109.866,91.448,8.68,8.27,83.07,0,0,0,0,0,0,0,322,5,2.14062,0.779205,3840
180757460,110.796,92.2728,8.18,9.06,82.56,0,0,0,0,0,0,0,319,5,2.11719,0.775115,3800
180761260,111.652,93.0119,8.58,10.2,81.11,0,0,0,0,0,0,0,321,5,2.13281,0.779194,3800
180765100,110.321,91.8823,8.85,8.5,82.46,0,0,0,0,0,0,0,319,5,2.11719,0.773154,3840
180768960,109.555,91.2514,8.6,8.05,83.24,0,0,0,0,0,0,0,320,5,2.125,0.777181,3860
180772780,110.67,92.1834,7.94,8.17,83.79,0,0,0,0,0,0,0,319,5,2.13281,0.779205,3820
180776600,110.421,91.9145,8.09,8.09,83.83,0,0,0,0,0,0,0,319,5,2.11719,0.775146,3820
180780420,110.017,91.6547,9.15,8.07,82.79,0,0,0,0,0,0,0,320,5,2.13281,0.777138,3820
180784220,110.997,92.4178,9.07,7.72,83.13,0,0,0,0,0,0,0,319,5,2.125,0.77716,3800
180788040,110.455,91.9625,8.87,9.09,81.74,0,0,0,0,0,0,0,318,5,2.13281,0.777138,3820
180791840,111.451,92.8259,8.76,9.11,82.02,0,0,0,0,0,0,0,318,5,2.13281,0.77716,3800
180795680,109.896,91.5202,8.8,8.97,82.23,0,0,0,0,0,0,0,321,5,2.13281,0.775146,3840
180799520,110.366,91.9342,7.67,8.52,83.41,0,0,0,0,0,0,0,319,5,2.125,0.77716,3840
180803340,110.527,92.0075,8.37,8.4,82.94,0,0,0,0,0,0,0,322,5,2.14062,0.77716,3820
180807160,110.833,92.2427,7.94,10.29,81.48,0,0,0,0,0,0,0,320,5,2.11719,0.775146,3820
180811000,110.021,91.6361,9.35,8.59,81.88,0,0,0,0,0,0,0,321,5,2.14062,0.77716,3840
180814820,110.175,91.7161,8.22,8.7,82.78,0,0,0,0,0,0,0,319,5,2.13281,0.77716,3820
180818620,111.53,92.8896,9.4,8.12,82.25,0,0,0,0,0,0,0,323,5,2.13281,0.78125,3800
180822460,110.139,91.6921,7.15,7.97,84.38,0,0,0,0,0,0,0,318,5,2.125,0.775146,3840
180826300,110.315,91.8386,8.66,8.01,83.06,0,0,0,0,0,0,0,320,5,2.13281,0.779205,3840
180830120,111.182,92.6323,9.48,8.73,81.36,0,0,0,0,0,0,0,319,5,2.125,0.775146,3820
180833960,109.746,91.3544,8.98,8.27,82.36,0,0,0,0,0,0,0,320,5,2.11719,0.77113,3840
180837780,107.758,92.9831,29.3,29.82,40.46,0,0,0,0,0,0,0,318,5,2.13281,0.78125,3820
180841640,112.799,94.4948,8.18,8.38,80.82,0,0,0,0,0,0,0,319,5,2.13281,0.775178,3860
180845600,109.792,92.1806,8.59,8.32,81.05,0,0,0,0,0,0,0,321,5,2.14844,0.777304,3960
180849560,111.127,93.1868,7.7,7.99,82.03,0,0,0,0,0,0,0,323,5,2.14844,0.777304,3960
180853560,110.536,92.8535,8.21,8.9,79.64,0,0,0,0,0,0,0,310,5,2.16406,0.779297,4000
180857600,103.761,87.12,8.26,7.69,83.73,0,0,0,0,0,0,0,326,5,2.14062,0.773515,4040
180861440,112.134,94.1437,7.6,8,82.64,0,0,0,0,0,0,0,314,5,2.125,0.779205,3840
180865340,113.731,95.5349,6.49,8.82,80.5,0,0,0,0,0,0,0,319,5,2.14844,0.775271,3900
180869400,106.047,89.0288,8.27,6.87,82.86,0,0,0,0,0,0,0,303,5,2.14062,0.775477,4060
180873320,110.389,92.5343,7.58,7.6,83.34,0,0,0,0,0,0,0,319,5,2.14062,0.777264,3920
180877260,109.277,91.7919,8.45,8.97,80.82,0,0,0,0,0,0,0,304,5,2.14062,0.777284,3940
180881180,109.996,92.5442,7.99,6.97,82.38,0,0,0,0,0,0,0,321,5,2.14062,0.777264,3920
180885140,106.365,89.1897,8.76,8.26,82.58,0,0,0,0,0,0,0,299,5,2.14844,0.779267,3960
180888960,109.621,91.8695,8.56,8.41,83.03,0,0,0,0,0,0,0,322,5,2.11719,0.773154,3820
180892800,109.408,92.0817,9.15,8.58,82.08,0,0,0,0,0,0,0,318,5,2.13281,0.779194,3840
180895620,112.553,95.361,7.78,8.21,83.49,0,0,0,0,0,0,0,323,5,2.13281,0.777181,2820
180899540,111.702,94.0021,8.09,8.18,81.26,0,0,0,0,0,0,0,321,5,2.24219,0.767872,3920
180903520,108.171,90.8066,7.48,8.36,82.58,0,0,0,0,0,0,0,319,5,2.15625,0.78125,3980
180907440,111.83,94.1356,6.62,8.08,80.84,0,0,0,0,0,0,0,319,5,2.13281,0.773319,3920
