Timestamp,SocketPower0,SocketPower1,ProbabilityScalarArithmetic,ProbabilityScalarLogic,ProbabilityScalarMemory,ProbabilityScalarBranch,ProbabilityScalarJump,ProbabilityVectorArithmetic,ProbabilityVectorLogic,ProbabilityVectorMemory,ProbabilityVectorBranch,ProbabilityVectorJump,PSUPower0,PSUPower1,SystemCpuUsage,ProcessCpuUsage,TimeDifference
185557280,93.2993,92.2014,6.26,15.77,26.84,0,0,0,0,0,0,0,306,5,2.03125,0.616869,4440
185561740,98.0908,92.1571,7.94,15.42,23.39,0,0,0,0,0,0,0,323,5,2.17969,0.775995,4460
185566200,90.7938,79.3481,23.37,23.35,14.43,0,0,0,0,38.64,0,0,315,5,2.1875,0.776018,4460
185570060,103.574,90.5443,15.34,17.5,0.5,0,0,0,0,66.66,0,0,314,5,2.125,0.773154,3860
185573880,105.14,91.9019,14.58,17.26,0.4,0,0,0,0,67.57,0,0,319,5,2.125,0.768979,3820
185577700,104.929,91.6716,14.64,16.44,0.3,0,0,0,0,68.54,0,0,314,5,2.125,0.773069,3820
185581520,105.097,91.8976,16.24,17.42,0.11,0,0,0,0,65.84,0,0,317,5,2.10938,0.767008,3820
185585360,104.502,91.2908,15.34,18.8,0.4,0,0,0,0,65.45,0,0,313,5,2.13281,0.775115,3840
185589180,105.121,91.8815,15.3,17.03,0.6,0,0,0,0,66.84,0,0,317,5,2.125,0.771024,3820
185593020,104.614,91.4312,14.29,17.76,0.1,0,0,0,0,67.76,0,0,315,5,2.13281,0.771024,3840
185596820,105.74,92.4085,15.87,17.24,0.2,0,0,0,0,66.3,0,0,320,5,2.11719,0.769043,3800
185600680,104.13,90.9883,14.9,14.03,0.2,0,0,0,0,70.48,0,0,314,5,2.11719,0.771078,3860
185604480,106.157,92.7981,14.86,14.39,0.6,0,0,0,0,69.95,0,0,313,5,2.125,0.773069,3800
185608340,104.238,91.1027,13.73,14.62,0.2,0,0,0,0,71.17,0,0,316,5,2.125,0.771078,3860
185612180,104.147,91.0156,12.36,15.45,0.7,0,0,0,0,71.39,0,0,315,5,2.11719,0.769043,3840
185615980,105.822,92.4671,15.24,15.88,0.3,0,0,0,0,68.48,0,0,318,5,2.13281,0.773026,3800
185619820,104.663,91.4505,16.43,17.18,0.4,0,0,0,0,65.89,0,0,315,5,2.125,0.771078,3840
185623640,105.004,91.778,12.73,15.99,0.3,0,0,0,0,70.68,0,0,317,5,2.125,0.771024,3820
185627460,105.094,91.7759,13.85,18.97,0.68,0,0,0,0,66.31,0,0,316,5,2.11719,0.767008,3820
185631280,105.833,92.4805,14.67,16.74,0.63,0,0,0,0,67.85,0,0,323,5,2.13281,0.775082,3820
185635140,104.376,91.2464,15.06,15.29,0.19,0,0,0,0,69.26,0,0,315,5,2.125,0.77113,3860
185638980,105.231,91.9627,15.33,16.58,0.2,0,0,0,0,67.57,0,0,315,5,2.125,0.769043,3840
185642820,104.508,91.3559,15.61,16.44,0.48,0,0,0,0,67.47,0,0,315,5,2.125,0.767082,3840
185646660,104.76,91.4973,13.87,14.3,0.5,0,0,0,0,71.34,0,0,316,5,2.125,0.773069,3840
185650480,105.052,91.8347,14.25,18.45,0.4,0,0,0,0,66.9,0,0,319,5,2.125,0.775115,3820
185654300,104.751,91.5371,13.85,17.85,0.2,0,0,0,0,68,0,0,317,5,2.125,0.768979,3820
185658100,105.759,92.4435,15.41,15.97,0.2,0,0,0,0,68.11,0,0,317,5,2.11719,0.766934,3800
185661940,104.749,91.5359,15.56,16.27,0.5,0,0,0,0,67.59,0,0,317,5,2.125,0.773069,3840
185665760,105.341,92.0898,13.86,16.53,0.3,0,0,0,0,69.01,0,0,319,5,2.13281,0.773069,3820
185669600,104.875,91.6468,14.06,17.53,0.2,0,0,0,0,68.11,0,0,314,5,2.10938,0.767082,3840
185673440,104.566,91.3554,14.34,19.27,0.2,0,0,0,0,65.98,0,0,321,5,2.13281,0.773069,3840
185677260,106.18,92.8189,16.36,16.52,0.59,0,0,0,0,66.05,0,0,315,5,2.125,0.768979,3820
185681120,104.212,91.1021,15.54,16.85,0.3,0,0,0,0,67.19,0,0,314,5,2.13281,0.773154,3860
185684960,104.635,91.4347,14.95,16.24,0.2,0,0,0,0,68.03,0,0,315,5,2.11719,0.769043,3840
185688760,106.034,92.7287,15.91,15.48,0.59,0,0,0,0,67.91,0,0,316,5,2.125,0.771024,3800
185692620,104.209,91.088,14.49,15.96,0.1,0,0,0,0,69.26,0,0,318,5,2.125,0.771078,3860
185696460,105.197,91.9352,13.43,14.43,0.5,0,0,0,0,71.44,0,0,316,5,2.11719,0.767008,3840
185700300,104.66,91.5044,14.08,18.23,0.1,0,0,0,0,67.59,0,0,318,5,2.13281,0.775146,3840
185704100,105.773,92.4712,15.58,15.95,0.1,0,0,0,0,68.38,0,0,314,5,2.11719,0.771024,3800
185707940,104.788,91.6112,16.3,15.92,0.1,0,0,0,0,67.48,0,0,317,5,2.11719,0.769043,3840
185711760,105.289,92.0505,15.07,18.87,0.89,0,0,0,0,64.87,0,0,317,5,2.14062,0.775082,3820
185715600,104.756,91.5599,14.25,18.23,0.3,0,0,0,0,66.93,0,0,320,5,2.11719,0.767008,3840
185719440,104.819,91.6428,13.76,16.73,0.7,0,0,0,0,68.62,0,0,317,5,2.11719,0.771078,3840
185723260,105.987,92.6415,15.75,16.67,0.4,0,0,0,0,66.7,0,0,315,5,2.125,0.771024,3820
185727120,103.969,90.8547,12.85,16.88,0.2,0,0,0,0,69.98,0,0,316,5,2.125,0.77113,3860
185730940,105.859,92.5572,16.1,17.88,0.4,0,0,0,0,65.24,0,0,315,5,2.11719,0.771024,3820
185734780,105.058,91.8243,15.01,17.76,0.4,0,0,0,0,66.55,0,0,317,5,2.13281,0.771078,3840
185738620,104.889,91.7241,12.23,16.65,0.1,0,0,0,0,70.56,0,0,316,5,2.125,0.771078,3840
185742460,105.124,91.862,16.54,18.32,0.2,0,0,0,0,64.85,0,0,320,5,2.125,0.771078,3840
185746300,105.405,92.1717,15.12,16.94,0.4,0,0,0,0,66.95,0,0,316,5,2.11719,0.769043,3840
185750140,104.776,91.5451,13.51,17.11,0.21,0,0,0,0,69.08,0,0,319,5,2.13281,0.773112,3840
185753980,105.065,91.7948,16.89,15.22,0,0,0,0,0,67.78,0,0,315,5,2.125,0.769043,3840
185757820,104.622,91.4581,15,15.46,0.42,0,0,0,0,69.02,0,0,321,5,2.11719,0.769043,3840
185761620,107.16,93.5228,15.35,15.89,0.9,0,0,0,0,67.26,0,0,319,5,2.13281,0.775082,3800
185765500,109.064,95.981,12.33,16.05,1.77,0,0,0,0,65.24,0,0,314,5,2.125,0.769169,3880
185769540,101.868,89.7461,14.61,16.28,1.17,0,0,0,0,66.04,0,0,319,5,2.14844,0.773515,4040
185773500,101.118,88.8006,15.05,16.82,0,0,0,0,0,68.13,0,0,316,5,2.14062,0.769413,3960
185777320,109.104,96.015,13.58,14.51,0.98,0,0,0,0,67.95,0,0,315,5,2.125,0.771024,3820
185781320,103.242,90.6797,14.85,15.74,0.3,0,0,0,0,67.68,0,0,320,5,2.14062,0.773438,4000
185785280,101.551,89.4946,16.8,16.31,0.2,0,0,0,0,66.68,0,0,316,5,2.14062,0.771336,3960
185789100,108.428,95.2716,15.98,18.66,0.6,0,0,0,0,62.62,0,0,320,5,2.11719,0.769106,3820
185793100,105.589,92.8447,12.62,15.11,1.81,0,0,0,0,67.59,0,0,319,5,2.14062,0.771386,4000
185797120,99.1507,87.3377,16.35,17.69,0,0,0,0,0,65.78,0,0,315,5,2.14844,0.771581,4020
185800940,105.105,92.3276,14.36,16.67,0,0,0,0,0,68.66,0,0,318,5,2.11719,0.771024,3820
185804780,108.793,95.5495,15.28,15.79,1.06,0,0,0,0,64.23,0,0,317,5,2.125,0.771078,3840
185808760,104.918,92.5143,12.94,16.48,1.07,0,0,0,0,66.64,0,0,314,5,2.14062,0.773398,3980
185812760,100.295,88.1084,15.49,17.4,0.2,0,0,0,0,66.82,0,0,318,5,2.14844,0.773438,4000
185816600,109.478,96.3898,13.55,15.06,1.4,0,0,0,0,65.65,0,0,311,5,2.10938,0.765058,3840
185820620,103.103,90.6862,14.32,16.17,0.73,0,0,0,0,66.74,0,0,315,5,2.15625,0.775391,4020
185824600,99.8945,87.9485,14.24,15.41,0.2,0,0,0,0,70.16,0,0,321,5,2.13281,0.769472,3980
185828400,108.654,95.441,12.36,16.1,0.78,0,0,0,0,68.88,0,0,299,5,2.125,0.773026,3800
185832340,106.004,93.1958,14.76,17.45,1,0,0,0,0,63.41,0,0,322,5,2.14062,0.773319,3940
185836340,100.047,88.1318,17.01,16.49,0.2,0,0,0,0,66,0,0,316,5,2.14062,0.769531,4000
185840180,104.052,91.453,14.75,16.64,0.1,0,0,0,0,68.41,0,0,312,5,2.125,0.769043,3840
185844020,108.777,95.6156,13.75,14.32,0.6,0,0,0,0,67.27,0,0,318,5,2.125,0.771024,3840
185848000,102.727,90.6005,14.54,16.23,0.49,0,0,0,0,67.47,0,0,316,5,2.14844,0.775361,3980
185851940,100.889,89.4244,16.2,18.33,0.2,0,0,0,0,65.28,0,0,320,5,2.125,0.769353,3940
185855760,104.079,91.9155,16.64,16.51,0,0,0,0,0,66.44,0,0,314,5,2.11719,0.769043,3820
185859580,111.583,98.7218,13.47,16.48,2.74,0,0,0,0,61.94,0,0,323,5,2.14062,0.777138,3820
185863680,103.448,91.3977,13.08,16.8,1.66,0,0,0,0,64.19,0,0,321,5,2.14062,0.76608,4100
185867760,97.9703,86.5301,14.65,16.42,0.1,0,0,0,0,68.82,0,0,316,5,2.14844,0.771676,4080
185871240,102.13,92.0854,15.55,16.15,0,0,0,0,0,68.1,0,0,306,5,2.14062,0.773069,3480
185874760,96.5743,99.7781,9.46,16.87,32.4099,0,0,0,0,0,0,0,305,5,2.15625,0.772422,3520
