Timestamp,SocketPower0,SocketPower1,ProbabilityScalarArithmetic,ProbabilityScalarLogic,ProbabilityScalarMemory,ProbabilityScalarBranch,ProbabilityScalarJump,ProbabilityVectorArithmetic,ProbabilityVectorLogic,ProbabilityVectorMemory,ProbabilityVectorBranch,ProbabilityVectorJump,PSUPower0,PSUPower1,SystemCpuUsage,ProcessCpuUsage,TimeDifference
184674540,94.756,93.5797,7.57,15.03,24.97,0,0,0,0,0,0,0,306,5,2.00781,0.610795,4380
184679000,98.0504,92.2182,6.67,13.4,26.74,0,0,0,0,0,0,0,321,5,2.1875,0.777747,4460
184683480,90.5212,78.9621,22.58,24.76,52.04,0,0,0,0,0,0,0,319,5,2.1875,0.776018,4480
184687340,103.959,90.7636,13.62,17.84,68.23,0,0,0,0,0,0,0,314,5,2.13281,0.779226,3860
184691160,104.47,-17064,15.24,15.14,69.31,0,0,0,0,0,0,0,318,5,2.125,0.775115,3820
184694960,105.587,92.1226,14.52,17.05,68.03,0,0,0,0,0,0,0,315,5,2.13281,0.777138,3800
184698800,104.379,91.172,12.48,19.31,68.1,0,0,0,0,0,0,0,320,5,2.13281,0.779205,3840
184702600,105.395,91.9238,15.34,15.94,68.64,0,0,0,0,0,0,0,316,5,2.125,0.775146,3800
184706420,105.169,91.8037,14.78,18.44,66.38,0,0,0,0,0,0,0,319,5,2.13281,0.777138,3820
184710240,105.145,91.7827,14.77,18.94,65.9,0,0,0,0,0,0,0,316,5,2.125,0.775146,3820
184714080,104.717,91.4186,14.99,18.27,66.44,0,0,0,0,0,0,0,313,5,2.13281,0.779205,3840
184717900,104.917,91.5763,14.98,17.35,67.67,0,0,0,0,0,0,0,315,5,2.13281,0.779205,3820
184721720,105.206,91.8511,14.04,15.32,70.35,0,0,0,0,0,0,0,314,5,2.125,0.77716,3820
184725540,105.702,92.3082,14.97,17.93,66.9,0,0,0,0,0,0,0,317,5,2.14062,0.779205,3820
184729400,105.424,92.0915,15.1,17.78,66.53,0,0,0,0,0,0,0,315,5,2.125,0.77113,3860
184733260,104.211,90.9902,13.49,16.26,69.93,0,0,0,0,0,0,0,317,5,2.14844,0.78125,3860
184737120,104.66,91.3242,14.67,14.78,70.46,0,0,0,0,0,0,0,314,5,2.11719,0.773154,3860
184740960,104.598,91.2917,14.45,16.74,68.51,0,0,0,0,0,0,0,322,5,2.125,0.777181,3840
184744760,105.38,92.0008,14.79,17.52,67.59,0,0,0,0,0,0,0,315,5,2.14062,0.78125,3800
184748580,104.704,91.4039,13.44,17.97,68.5,0,0,0,0,0,0,0,320,5,2.11719,0.775115,3820
184752400,105.388,92.0566,13.1,16.81,69.69,0,0,0,0,0,0,0,315,5,2.13281,0.775115,3820
184756220,105.101,91.7333,14.94,18.58,66.29,0,0,0,0,0,0,0,315,5,2.13281,0.779205,3820
184760040,105.323,92.0264,14.08,19.27,66.37,0,0,0,0,0,0,0,314,5,2.11719,0.775146,3820
184763880,104.821,91.5478,13.18,17.64,68.97,0,0,0,0,0,0,0,316,5,2.14062,0.779205,3840
184767700,105.173,91.8408,12.43,17.28,69.93,0,0,0,0,0,0,0,316,5,2.14062,0.779205,3820
184771540,104.555,91.2921,13.38,16.25,70.27,0,0,0,0,0,0,0,316,5,2.125,0.775146,3840
184775340,105.555,92.1294,13.65,16.25,69.91,0,0,0,0,0,0,0,319,5,2.13281,0.775115,3800
184779180,104.525,91.2955,14.12,17.41,68.37,0,0,0,0,0,0,0,315,5,2.13281,0.779205,3840
184782020,107.455,94.5574,13.7,18.43,67.26,0,0,0,0,0,0,0,318,5,2.13281,0.77716,2840
184785900,103.216,90.1367,14.41,16.45,69.14,0,0,0,0,0,0,0,313,5,2.25781,0.778556,3880
184789720,105.378,92.0528,14.6,18.52,66.8,0,0,0,0,0,0,0,319,5,2.125,0.775115,3820
184793540,105.267,91.9262,14.64,16.12,69.25,0,0,0,0,0,0,0,314,5,2.13281,0.779205,3820
184797380,105.022,91.7625,14.99,15.98,68.93,0,0,0,0,0,0,0,317,5,2.125,0.775146,3840
184801200,105.293,91.9592,14.31,15.06,70.45,0,0,0,0,0,0,0,315,5,2.13281,0.779205,3820
184805040,104.497,91.2249,14.69,17.59,67.42,0,0,0,0,0,0,0,315,5,2.13281,0.775146,3840
184808860,105.738,92.3741,13.72,18.44,67.57,0,0,0,0,0,0,0,318,5,2.125,0.77716,3820
184812700,104.921,91.6451,12.96,17,69.95,0,0,0,0,0,0,0,313,5,2.13281,0.775178,3840
184816540,104.482,91.2839,14.55,16.68,68.67,0,0,0,0,0,0,0,319,5,2.13281,0.77716,3840
184820360,105.17,91.8736,11.67,18.26,69.87,0,0,0,0,0,0,0,314,5,2.13281,0.779205,3820
184824180,105.506,92.1722,12.84,15.32,71.74,0,0,0,0,0,0,0,320,5,2.125,0.775146,3820
184828020,104.287,91.08,16.06,14.43,69.2,0,0,0,0,0,0,0,316,5,2.14062,0.78125,3840
184831820,105.358,92.0305,13.38,16.77,69.66,0,0,0,0,0,0,0,319,5,2.11719,0.771078,3800
184835640,105.221,91.9408,10.89,18.43,70.48,0,0,0,0,0,0,0,314,5,2.13281,0.78125,3820
184839460,105.903,92.4812,14.9,16.01,68.4,0,0,0,0,0,0,0,321,5,2.13281,0.77716,3820
184843300,104.909,91.6608,15.04,18.54,66.23,0,0,0,0,0,0,0,314,5,2.125,0.773154,3840
184847140,104.814,91.5794,14.03,17.24,68.43,0,0,0,0,0,0,0,317,5,2.14062,0.783295,3840
184850980,104.888,91.5825,14.6,18.33,66.78,0,0,0,0,0,0,0,314,5,2.11719,0.771078,3840
184854800,105.054,91.7373,13.96,17.43,68.51,0,0,0,0,0,0,0,315,5,2.14062,0.78125,3820
184858620,105.562,92.2266,15.44,18.31,66.05,0,0,0,0,0,0,0,314,5,2.13281,0.77716,3820
184862460,104.807,91.5428,14.02,16.45,69.18,0,0,0,0,0,0,0,316,5,2.125,0.775146,3840
184866300,104.986,91.7234,15.3,17.47,67.11,0,0,0,0,0,0,0,319,5,2.13281,0.77716,3840
184870120,105.063,91.767,12.96,17.56,69.38,0,0,0,0,0,0,0,314,5,2.125,0.777181,3820
184873940,105.21,91.8874,15.23,15.65,69.03,0,0,0,0,0,0,0,317,5,2.13281,0.77716,3820
184877760,105.499,92.1624,14.83,19.44,65.63,0,0,0,0,0,0,0,314,5,2.13281,0.779205,3820
184881600,-16961.2,91.4149,12.96,17.33,69.52,0,0,0,0,0,0,0,318,5,2.125,0.775146,3840
184885400,106.164,92.8295,23.32,25.58,51,0,0,0,0,0,0,0,319,5,2.13281,0.779194,3800
184889260,107.133,94.1128,13.41,18.02,66.82,0,0,0,0,0,0,0,318,5,2.11719,0.773154,3860
184893220,105.83,93.1355,13.11,16.65,66.37,0,0,0,0,0,0,0,321,5,2.15625,0.779267,3960
184897240,99.303,87.3285,13.62,16.25,70.03,0,0,0,0,0,0,0,316,5,2.14062,0.777363,4020
184901040,105.325,92.5437,13.43,15.93,70.26,0,0,0,0,0,0,0,321,5,2.125,0.775115,3800
184904880,107.553,94.4895,12.75,14.97,70.48,0,0,0,0,0,0,0,315,5,2.14062,0.779205,3840
184908820,107.258,94.2978,14.56,16.92,65.25,0,0,0,0,0,0,0,314,5,2.13281,0.773359,3940
184912840,105.119,92.719,12.03,17.5,66.45,0,0,0,0,0,0,0,322,5,2.15625,0.78125,4020
184916900,97.6789,86.6221,12.69,17.52,69.49,0,0,0,0,0,0,0,318,5,2.14844,0.773553,4060
184920740,103.707,91.8111,16.42,16.65,66.72,0,0,0,0,0,0,0,315,5,2.11719,0.777181,3840
184924560,104.293,92.1394,14.1,17.12,68.66,0,0,0,0,0,0,0,303,5,2.14062,0.779205,3820
184928400,103.607,91.569,14.12,16.35,69.43,0,0,0,0,0,0,0,316,5,2.125,0.775146,3840
184932240,107.791,95.1691,14.21,15.65,67.57,0,0,0,0,0,0,0,321,5,2.14062,0.779205,3840
184936200,107.671,95.2745,10.86,15.87,66.6799,0,0,0,0,0,0,0,321,5,2.14844,0.777324,3960
184940340,103.655,91.7483,12.66,14.86,65.86,0,0,0,0,0,0,0,313,5,2.15625,0.775561,4140
184944440,101.069,89.2021,13.45,16.35,68.15,0,0,0,0,0,0,0,316,5,2.15625,0.779344,4100
184948420,100.011,88.7205,12.18,17.69,69.94,0,0,0,0,0,0,0,320,5,2.14844,0.777324,3980
184952240,104.544,92.6267,13.79,17.21,68.81,0,0,0,0,0,0,0,317,5,2.11719,0.77113,3820
184956100,104.225,92.1991,13.83,17.02,68.85,0,0,0,0,0,0,0,318,5,2.14062,0.779215,3860
184959980,102.999,91.1143,15.11,15.78,68.8,0,0,0,0,0,0,0,314,5,2.13281,0.775209,3880
184963820,109.453,96.8836,13.39,16.31,67.42,0,0,0,0,0,0,0,316,5,2.13281,0.779215,3840
184967880,103.515,91.6699,13.03,17.6,64.63,0,0,0,0,0,0,0,320,5,2.15625,0.779316,4060
184971900,105.107,93.047,12.05,15.92,67.95,0,0,0,0,0,0,0,321,5,2.14844,0.775449,4020
184975980,102.635,90.6293,11.55,15.34,70.2,0,0,0,0,0,0,0,316,5,2.14844,0.77742,4080
184980000,98.8947,87.8226,14.46,16.25,69.09,0,0,0,0,0,0,0,318,5,2.14844,0.777363,4020
184983840,103.82,91.9413,14.8,17.13,67.78,0,0,0,0,0,0,0,315,5,2.13281,0.775146,3840
184987680,103.659,91.7201,14.22,17.75,67.84,0,0,0,0,0,0,0,315,5,2.125,0.777181,3840
184991520,103.447,91.538,12.97,16.42,70.61,0,0,0,0,0,0,0,322,5,2.14062,0.78125,3840
184995320,107.008,94.707,13.01,17.6,67.64,0,0,0,0,0,0,0,317,5,2.125,0.773112,3800
184999260,107.531,95.2168,11.38,16.07,66.96,0,0,0,0,0,0,0,318,5,2.13281,0.777264,3940
185002760,92.56,93.5675,7.28,19.89,29.78,0,0,0,0,0,0,0,301,5,2.15625,0.775505,3500
