Timestamp,SocketPower0,SocketPower1,ProbabilityScalarArithmetic,ProbabilityScalarLogic,ProbabilityScalarMemory,ProbabilityScalarBranch,ProbabilityScalarJump,ProbabilityVectorArithmetic,ProbabilityVectorLogic,ProbabilityVectorMemory,ProbabilityVectorBranch,ProbabilityVectorJump,PSUPower0,PSUPower1,SystemCpuUsage,ProcessCpuUsage,TimeDifference
183046680,95.5599,94.1442,7.25,15.7,26.5,0,0,0,0,0,0,0,304,5,2.00781,0.612571,4380
183051180,97.9581,91.8819,9.16,14.06,25.43,0,0,0,0,0,0,0,321,5,2.1875,0.776042,4500
183055680,93.8593,78.7222,14.96,18.59,14.51,0,0,29.93,0,21.04,0,0,319,5,2.19531,0.776042,4500
183059560,109.019,90.5777,1.1,8.44,0.5,0,0,52.25,0,37.43,0,0,316,5,2.13281,0.773196,3880
183063400,110.365,91.6209,0.7,7,0.5,0,0,55.71,0,35.7,0,0,319,5,2.125,0.771078,3840
183067240,110.682,91.8498,1.5,6.67,0.69,0,0,53.51,0,37.26,0,0,323,5,2.11719,0.769106,3840
183071100,109.465,90.8922,1.4,5.78,0.5,0,0,56.51,0,35.54,0,0,317,5,2.125,0.769106,3860
183074940,109.673,91.0421,1.4,6.45,0.5,0,0,54.58,0,36.86,0,0,322,5,2.125,0.769043,3840
183078760,110.238,91.5361,1.1,6.39,0.2,0,0,55.17,0,37.14,0,0,318,5,2.13281,0.775082,3820
183082600,110.321,91.5527,0.9,5.58,0.2,0,0,53.42,0,39.1,0,0,321,5,2.10938,0.763034,3840
183086440,109.693,91.0217,1.4,6.09,0.44,0,0,55.47,0,36.49,0,0,320,5,2.125,0.769043,3840
183090260,110.688,91.8378,1.49,6.22,0.3,0,0,54.42,0,37.38,0,0,321,5,2.13281,0.775082,3820
183094100,109.671,91.0024,1.09,6.51,0.4,0,0,53.47,0,38.2,0,0,318,5,2.11719,0.769043,3840
183097920,110.201,91.4134,0.88,5.79,0.31,0,0,55.03,0,37.69,0,0,325,5,2.11719,0.768979,3820
183101760,110.394,91.5792,1.1,6.22,0.4,0,0,57.82,0,33.96,0,0,318,5,2.11719,0.771078,3840
183105580,110.805,91.9288,0.9,7.56,0.2,0,0,55.1,0,35.46,0,0,318,5,2.11719,0.767008,3820
183109420,110.229,91.4856,1.2,5.79,0.19,0,0,55.83,0,36.71,0,0,319,5,2.13281,0.773069,3840
183113260,109.618,90.8936,0.99,6.28,0.2,0,0,54.46,0,37.97,0,0,318,5,2.125,0.771078,3840
183117080,110.82,91.9554,1.6,6.83,0.4,0,0,55.29,0,35.78,0,0,320,5,2.11719,0.766934,3820
183120940,110.078,91.2848,1.2,7.07,0.5,0,0,55.57,0,35.37,0,0,319,5,2.125,0.773112,3860
183124760,110.263,91.4686,1.3,7.67,0.4,0,0,51.03,0,39.31,0,0,321,5,2.125,0.771078,3820
183128600,110.029,91.2781,1.1,6.58,0.3,0,0,56.07,0,35.65,0,0,318,5,2.11719,0.764974,3840
183132440,110.169,91.4764,1.09,6.16,0.29,0,0,54.65,0,37.42,0,0,322,5,2.13281,0.771024,3840
183136260,111.028,92.0822,0.6,6.75,0.8,0,0,53.48,0,37.89,0,0,316,5,2.13281,0.771078,3820
183140100,110.081,91.3625,0.8,6.47,0.4,0,0,53.25,0,38.5,0,0,321,5,2.10938,0.765058,3840
183143940,109.868,91.1326,1.04,6.77,0.2,0,0,53.68,0,38.23,0,0,319,5,2.125,0.773069,3840
183147760,110.77,91.9094,1,7.11,0.2,0,0,52.97,0,38.31,0,0,319,5,2.11719,0.767008,3820
183151600,110.233,91.4775,1,6.08,0.59,0,0,54.91,0,36.54,0,0,319,5,2.11719,0.767008,3840
183155460,109.29,90.6938,1.1,5.66,0.5,0,0,56.36,0,36.19,0,0,319,5,2.125,0.771078,3860
183159260,110.97,92.059,0.6,7.8,0.6,0,0,54.33,0,36.48,0,0,321,5,2.13281,0.775082,3800
183163100,110.735,91.8722,1.5,7.28,0.4,0,0,53.83,0,36.29,0,0,318,5,2.10156,0.763034,3840
183166960,109.604,90.9154,1.79,6.61,0.3,0,0,53.48,0,37.44,0,0,322,5,2.13281,0.771078,3860
183170780,110.483,91.6241,1.19,6.89,0.1,0,0,55.25,0,36.46,0,0,318,5,2.13281,0.773069,3820
183174600,111.08,92.1333,1.1,8.73,0.2,0,0,50.54,0,39.35,0,0,319,5,2.11719,0.767008,3820
183178460,109.296,90.6604,1.7,7.62,0.3,0,0,53.21,0,36.77,0,0,319,5,2.125,0.771078,3860
183182280,110.765,91.9032,1.19,6.69,0.5,0,0,55.92,0,35.42,0,0,318,5,2.125,0.771024,3820
183186100,110.878,92.0106,1.08,7.45,0.5,0,0,54.01,0,36.28,0,0,322,5,2.11719,0.769043,3820
183189960,109.079,90.4702,1.19,5.97,0.3,0,0,52.75,0,39.6,0,0,319,5,2.125,0.769043,3860
183193780,110.454,91.5801,0.6,6.27,0.19,0,0,56.35,0,36.6,0,0,321,5,2.125,0.768979,3820
183197600,110.449,91.5913,1.65,8.21,0.4,0,0,54.97,0,34.57,0,0,319,5,2.11719,0.768979,3820
183201420,110.059,91.2948,1.69,6.8,0.1,0,0,54.26,0,36.85,0,0,325,5,2.11719,0.771024,3820
183205240,110.251,91.4461,0.69,7.31,0.3,0,0,52.84,0,38.57,0,0,319,5,2.11719,0.766934,3820
183209040,111.312,92.3581,0.7,6.93,0.3,0,0,55.7,0,35.99,0,0,318,5,2.125,0.768979,3800
183212900,109.279,90.6068,1.2,7.25,0.2,0,0,53.3,0,37.97,0,0,318,5,2.125,0.769043,3860
183216720,110.616,91.756,0.9,7.77,0.2,0,0,55.29,0,35.64,0,0,317,5,2.13281,0.775082,3820
183220540,111.128,92.1793,0.8,7.48,0.48,0,0,54.42,0,36.62,0,0,322,5,2.10938,0.767008,3820
183224380,110.272,91.4459,1.4,7.33,0.29,0,0,55.78,0,34.92,0,0,319,5,2.11719,0.765058,3840
183228220,110.044,91.2923,1.5,6.5,0.5,0,0,56.96,0,34.15,0,0,321,5,2.13281,0.773069,3840
183232040,110.626,91.7396,1.1,5.78,0.4,0,0,54.19,0,38.33,0,0,318,5,2.11719,0.769043,3820
183235880,110.029,91.2669,0.9,7.19,0.59,0,0,53.49,0,37.62,0,0,325,5,2.13281,0.771024,3840
183239720,110.246,-16974.3,1,7.02,0.2,0,0,53.47,0,38.12,0,0,319,5,2.11719,0.769043,3840
183243560,110.086,91.3277,1.09,7.11,0.29,0,0,55.7,0,35.55,0,0,322,5,2.125,0.769043,3840
183247380,110.37,91.5958,1.99,7.68,0.1,0,0,53.64,0,36.28,0,0,318,5,2.125,0.771024,3820
183251200,111.022,92.111,0.9,7.67,0.71,0,0,52.68,0,37.77,0,0,318,5,2.125,0.771024,3820
183255040,110.314,91.5088,0.9,6.65,0.3,0,0,57.65,0,34.32,0,0,318,5,2.11719,0.769106,3840
183258880,109.644,90.9348,1.1,7.49,0.1,0,0,54.07,0,37.17,0,0,319,5,2.11719,0.767008,3840
183262700,110.547,91.7109,1.19,6.46,0.1,0,0,52.34,0,39.82,0,0,321,5,2.13281,0.77097,3820
183266540,110.149,91.352,0.88,7.48,0.58,0,0,54.4,0,36.38,0,0,317,5,2.11719,0.769043,3840
183270360,109.789,91.0471,1.1,5.91,0.4,0,0,54.91,0,37.69,0,0,322,5,2.13281,0.771024,3820
183274180,110.484,91.6636,1.09,6.53,0.3,0,0,56.59,0,35.5,0,0,318,5,2.10938,0.766934,3820
183277980,110.845,91.9283,1.4,7.1,0,0,0,54.88,0,36.52,0,0,322,5,2.13281,0.775082,3800
183280820,110.28,92.1498,1.39,6.28,0.3,0,0,57.84,0,34,0,0,322,5,2.10938,0.764974,2840
183284660,110.051,91.3106,1.2,6.39,0.3,0,0,56.97,0,34.94,0,0,326,5,2.25781,0.770168,3840
183288480,110.592,91.6899,1.1,7.85,0.2,0,0,54.38,0,36.27,0,0,319,5,2.125,0.769043,3820
183292320,110.24,91.4533,0.7,6.59,0.4,0,0,54.54,0,37.5,0,0,320,5,2.11719,0.769043,3840
183296140,110.745,91.8709,1,6.88,0.4,0,0,52.64,0,38.89,0,0,319,5,2.125,0.768979,3820
183299980,110.242,91.4365,1.1,6.56,0.5,0,0,53.36,0,38.3,0,0,319,5,2.125,0.771078,3840
183303820,110.812,91.9426,0.8,6.97,0.7,0,0,56.91,0,33.71,0,0,323,5,2.11719,0.767008,3840
183307660,109.887,91.1363,1.48,5.79,0.1,0,0,57.33,0,35.01,0,0,318,5,2.125,0.77113,3840
183311480,110.582,91.7043,0.9,8.25,0.2,0,0,52.93,0,37.35,0,0,320,5,2.125,0.768979,3820
183315320,108.866,91.5241,0.89,6.24,0.3,0,0,56.94,0,35.52,0,0,316,5,2.125,0.768979,3840
183319160,108.926,92.1419,33.34,33.37,33.11,0,0,0,0,0,0,0,325,5,2.13281,0.77716,3840
183323020,110.149,91.6355,0.7,7.41,0.34,0,0,55.82,0,35.45,0,0,319,5,2.125,0.771182,3860
183326880,113.205,94.1366,0.88,7.08,0.85,0,0,52.37,0,37.2,0,0,322,5,2.125,0.77113,3860
183330840,110.984,92.386,1.1,6.93,1.25,0,0,52.7,0,35.85,0,0,321,5,2.13281,0.771386,3960
183334840,109.486,91.0745,0.87,6.66,0.48,0,0,53.24,0,37.06,0,0,317,5,2.14062,0.769531,4000
183338820,109.574,91.1547,1.19,7.18,0.84,0,0,48.9,0,40.1,0,0,320,5,2.13281,0.771435,3980
183342780,109.202,91.5924,0.96,6.37,0.48,0,0,55.31,0,35.05,0,0,324,5,2.14062,0.771336,3960
183346740,110.861,93.4422,1.24,6.43,1.56,0,0,52.78,0,33.91,0,0,319,5,2.125,0.767509,3960
183350760,110.02,92.6972,0.89,8.94,1.3,0,0,46.89,0,37.72,0,0,306,5,2.15625,0.773476,4020
183353840,102.26,86.9553,1.3,6.77,0.39,0,0,51.71,0,39.17,0,0,322,5,2.14062,0.765931,3080
183357740,112.761,95.2291,1.79,6.88,1.22,0,0,49.88,0,36.05,0,0,321,5,2.25781,0.770474,3900
183361800,107.797,90.7566,0.9,6.86,1.26,0,0,50.97,0,36.07,0,0,306,5,2.14844,0.773515,4060
183365820,109.402,92.7499,0.98,8.16,1.46,0,0,50.51,0,35.51,0,0,319,5,2.13281,0.767713,4020
183369880,108.794,91.7827,1.41,9.04,2.07,0,0,49.21,0,33.8,0,0,323,5,2.15625,0.773515,4060
183373940,103.374,86.8198,1.2,6.08,0.43,0,0,54.78,0,37.41,0,0,302,5,2.14844,0.769761,4060
183377800,113.729,96.35,1.19,7.24,1.49,0,0,49.3,0,36.53,0,0,318,5,2.125,0.773112,3860
183381840,107.879,90.6323,1.1,6.55,1.51,0,0,51.3,0,36.11,0,0,321,5,2.14062,0.769704,4040
183385840,106.915,89.7361,0.89,6.89,0.08,0,0,52.93,0,38.06,0,0,314,5,2.14062,0.769531,4000
183389760,114.277,95.4754,1.75,7.43,1.9,0,0,50.62,0,33.85,0,0,319,5,2.125,0.769292,3920
183393840,108.983,90.9201,0.8,6.21,1.62,0,0,51.8,0,35.13,0,0,323,5,2.14844,0.771676,4080
183397880,110.443,92.2612,1.6,7.17,1.33,0,0,51.76,0,33.93,0,0,322,5,2.14844,0.773515,4040
183401960,110.928,92.6126,1.37,7.58,1.14,0,0,45.61,0,37.89,0,0,317,5,2.14062,0.767846,4080
183406100,107.461,89.7147,0.9,7.91,1.73,0,0,51.57,0,33.92,0,0,317,5,2.16406,0.775534,4140
183410120,109.897,92.4603,1.04,7.44,0.86,0,0,53.56,0,34.08,0,0,325,5,2.14062,0.769704,4020
183414180,104.793,88.5826,0.89,6.89,0.2,0,0,54.34,0,36.12,0,0,324,5,2.14062,0.76778,4060
183418100,112.102,94.6431,1.8,7.05,1.88,0,0,45.75,0,37.73,0,0,319,5,2.13281,0.771285,3920
183422140,108.305,91.4594,1.7,6.53,1.09,0,0,49.57,0,36.11,0,0,323,5,2.15625,0.773515,4040
183426180,105.86,89.4962,1.69,8.14,0.2,0,0,49.93,0,38.86,0,0,323,5,2.14062,0.769647,4040
