Timestamp,SocketPower0,SocketPower1,ProbabilityScalarArithmetic,ProbabilityScalarLogic,ProbabilityScalarMemory,ProbabilityScalarBranch,ProbabilityScalarJump,ProbabilityVectorArithmetic,ProbabilityVectorLogic,ProbabilityVectorMemory,ProbabilityVectorBranch,ProbabilityVectorJump,PSUPower0,PSUPower1,SystemCpuUsage,ProcessCpuUsage,TimeDifference
145291300,96.1153,95.5051,6.61,15.06,25.27,0,0,0,0,0,0,0,307,5,2.03125,0.616415,4530
145295970,97.0799,90.3681,9.07,14.68,27.28,0,0,0,0,0,0,0,322,5,2.21094,0.774587,4670
145300560,88.4174,76.7376,11.72,6.08,81.91,0,0,0,0,0,0,0,317,5,2.20312,0.777838,4590
145304390,106.077,91.9879,10.63,5.58,83.7,0,0,0,0,0,0,0,320,5,2.14844,0.77716,3830
145308230,106.161,91.9659,11.56,4.58,83.44,0,0,0,0,0,0,0,319,5,2.11719,0.769075,3840
145312060,106.081,92.1264,11.74,5.7,82.36,0,0,0,0,0,0,0,318,5,2.125,0.769106,3830
145315910,105.559,91.9463,33.29,33.22,33.49,0,0,0,0,0,0,0,321,5,2.14062,0.775098,3850
145319770,108.809,94.4498,9.56,4.48,84.33,0,0,0,0,0,0,0,319,5,2.13281,0.775194,3860
145323720,103.034,89.4733,11.47,5.07,83.35,0,0,0,0,0,0,0,321,5,2.14844,0.771386,3950
