Timestamp,SocketPower0,SocketPower1,ProbabilityScalarArithmetic,ProbabilityScalarLogic,ProbabilityScalarMemory,ProbabilityScalarBranch,ProbabilityScalarJump,ProbabilityVectorArithmetic,ProbabilityVectorLogic,ProbabilityVectorMemory,ProbabilityVectorBranch,ProbabilityVectorJump,PSUPower0,PSUPower1,SystemCpuUsage,ProcessCpuUsage,TimeDifference
183905340,94.317,93.0312,7.47,14.98,25.77,0,0,0,0,0,0,0,308,5,2.10156,0.57004,4440
183909840,95.6562,92.2101,7.17,13.9,23.98,0,0,0,0,0,0,0,307,5,2.1875,0.776042,4500
183914380,89.2793,77.4143,33.03,33.44,33.54,0,0,0,0,0,0,0,319,5,2.19531,0.779522,4540
183918220,105.206,91.0583,3.8,12.43,0,0,0,0,0,83.78,0,0,316,5,2.13281,0.777181,3840
183922040,105.613,91.4604,4.09,12.03,0.1,0,0,0,0,83.59,0,0,323,5,2.11719,0.773112,3820
183925840,105.958,91.6602,3.59,11.8,0.2,0,0,0,0,84.32,0,0,317,5,2.14062,0.78125,3800
183929660,105.843,91.622,2.89,12.74,0.3,0,0,0,0,83.87,0,0,325,5,2.11719,0.771078,3820
183933480,105.876,91.6435,4.09,12.93,0.2,0,0,0,0,82.48,0,0,317,5,2.14062,0.78125,3820
183937320,105.376,91.1377,3.2,12.89,0.1,0,0,0,0,83.53,0,0,317,5,2.11719,0.773112,3840
183941140,105.562,91.303,3.69,11.3,0.2,0,0,0,0,84.69,0,0,318,5,2.13281,0.779205,3820
183944960,105.461,91.168,4.58,13.62,0.1,0,0,0,0,81.59,0,0,318,5,2.125,0.773069,3820
183948760,106.449,92.0683,3.9,12.03,0.4,0,0,0,0,83.48,0,0,322,5,2.13281,0.777138,3800
183952600,105.584,91.2842,4.08,12.37,0.4,0,0,0,0,82.95,0,0,317,5,2.125,0.775146,3840
183956400,106.743,92.2944,2.62,12.99,0.2,0,0,0,0,84.01,0,0,321,5,2.14062,0.783306,3800
183960240,105.147,90.9444,5.29,13.23,0.1,0,0,0,0,81.19,0,0,317,5,2.11719,0.773112,3840
183964060,106.213,-17063.3,3.62,13.56,0.2,0,0,0,0,82.32,0,0,320,5,2.13281,0.775115,3820
183967900,105.636,91.3397,3.79,13.1,0.1,0,0,0,0,83.02,0,0,317,5,2.125,0.779215,3840
183971720,106.207,91.8775,3.98,11.76,0.2,0,0,0,0,83.99,0,0,319,5,2.14062,0.77716,3820
183975560,105.721,91.418,4.2,12.93,0.4,0,0,0,0,82.29,0,0,319,5,2.13281,0.775146,3840
183979400,105.287,91.0474,4.73,13.02,0.3,0,0,0,0,81.95,0,0,323,5,2.11719,0.775146,3840
183983200,106.345,91.9424,4.68,13.02,0.3,0,0,0,0,81.56,0,0,318,5,2.14062,0.779194,3800
183987020,105.986,91.6273,4.59,13.13,0.1,0,0,0,0,81.98,0,0,321,5,2.125,0.77716,3820
183990840,106.414,92.0188,4.38,13.71,0.39,0,0,0,0,81.33,0,0,318,5,2.14062,0.779205,3820
183994680,105.316,91.0604,3.68,13.25,0,0,0,0,0,82.98,0,0,320,5,2.13281,0.773112,3840
183998520,105.776,91.4554,2.89,13.09,0.1,0,0,0,0,83.72,0,0,316,5,2.13281,0.77716,3840
184001340,106.48,92.7668,4.56,11.28,0.2,0,0,0,0,83.97,0,0,323,5,2.125,0.777181,2820
184005180,105.517,91.2348,4.04,13.36,0,0,0,0,0,82.4,0,0,321,5,2.25,0.772997,3840
184008980,106.598,92.1667,3.78,12.35,0.2,0,0,0,0,83.46,0,0,318,5,2.14062,0.779194,3800
184012820,106.403,92.0545,4.74,12.57,0.2,0,0,0,0,81.91,0,0,322,5,2.125,0.775146,3840
184016680,105.36,91.1315,4.06,13.07,0.2,0,0,0,0,82.57,0,0,319,5,2.13281,0.775178,3860
184020520,105.57,91.2837,3.84,12.44,0.2,0,0,0,0,83.32,0,0,323,5,2.13281,0.779215,3840
184024340,106.103,91.7599,4,13.06,0.2,0,0,0,0,82.55,0,0,317,5,2.13281,0.77716,3820
184028160,106.41,91.9921,3.49,13.52,0.4,0,0,0,0,82.3,0,0,319,5,2.11719,0.773112,3820
184032020,105.254,91.0701,3.85,12.82,0.8,0,0,0,0,82.43,0,0,318,5,2.14844,0.779205,3860
184035820,106.668,92.193,3.49,12.42,0.4,0,0,0,0,83.46,0,0,319,5,2.125,0.775146,3800
184039660,105.487,91.2322,4.09,12.38,0,0,0,0,0,83.44,0,0,317,5,2.13281,0.779205,3840
184043480,106.065,91.7064,4.08,12.36,0.1,0,0,0,0,83.16,0,0,318,5,2.13281,0.77716,3820
184047320,105.834,91.5062,3.58,13.39,0.3,0,0,0,0,82.43,0,0,321,5,2.11719,0.775146,3840
184051140,106.08,91.7092,4.19,12.7,0.3,0,0,0,0,82.32,0,0,318,5,2.13281,0.77716,3820
184054960,105.727,91.4581,4.97,13.02,0.42,0,0,0,0,81.59,0,0,322,5,2.13281,0.77716,3820
184058760,107.006,92.5637,3.73,13.7,0.2,0,0,0,0,82.07,0,0,320,5,2.13281,0.777138,3800
184062600,105.537,91.2621,3.38,13.06,0.3,0,0,0,0,83.06,0,0,322,5,2.11719,0.773154,3840
184066440,105.664,91.3943,3.61,12.44,0.1,0,0,0,0,83.77,0,0,319,5,2.125,0.775146,3840
184070260,107.274,92.834,3.39,13.86,0.4,0,0,0,0,81.66,0,0,318,5,2.13281,0.78125,3820
184074140,104.848,90.661,4.23,13.12,0.4,0,0,0,0,82.26,0,0,319,5,2.14062,0.777202,3880
184077960,106.112,91.7744,4.48,10.77,0.3,0,0,0,0,84.34,0,0,319,5,2.10938,0.773154,3820
184081800,106.385,92.042,4.18,13.63,0.1,0,0,0,0,81.56,0,0,321,5,2.13281,0.779205,3840
184085640,106.115,91.7931,3.19,12.75,0.4,0,0,0,0,83.17,0,0,318,5,2.13281,0.775146,3840
184089480,105.436,91.1837,3.68,13.06,0.49,0,0,0,0,82.77,0,0,322,5,2.13281,0.779215,3840
184093320,105.657,91.3999,3.69,13.93,0.4,0,0,0,0,81.69,0,0,318,5,2.125,0.775146,3840
184097140,105.872,91.5972,3.69,12.07,0,0,0,0,0,83.94,0,0,324,5,2.13281,0.77716,3820
184100960,106.197,91.8677,2.69,13.54,0.1,0,0,0,0,83.48,0,0,315,5,2.125,0.775115,3820
184104780,106.322,91.9503,4.09,12.04,0.2,0,0,0,0,83.48,0,0,318,5,2.13281,0.77716,3820
184108600,106.17,91.8534,3.38,13.35,0.4,0,0,0,0,82.77,0,0,318,5,2.125,0.777181,3820
184112440,105.818,91.51,4.29,12.64,0.3,0,0,0,0,82.55,0,0,318,5,2.13281,0.77716,3840
184116260,105.937,91.6182,4.06,12.81,0.2,0,0,0,0,82.63,0,0,321,5,2.13281,0.77716,3820
184120080,105.868,91.586,3.92,13.07,0.46,0,0,0,0,82.46,0,0,318,5,2.11719,0.773112,3820
184123900,106.95,92.493,4.47,11.71,0.1,0,0,0,0,83.43,0,0,320,5,2.14062,0.78125,3820
184127760,105.301,91.1019,4.91,12.96,0.24,0,0,0,0,81.81,0,0,319,5,2.125,0.773154,3860
184131600,105.73,91.4335,4.82,11.07,0.3,0,0,0,0,83.8,0,0,323,5,2.13281,0.777181,3840
184135420,105.932,91.6639,4.28,12.5,0.45,0,0,0,0,82.35,0,0,317,5,2.13281,0.77716,3820
184139240,106.303,91.939,4.76,11.96,0.61,0,0,0,0,82.5,0,0,322,5,2.125,0.77716,3820
184143060,105.898,91.5635,3.59,13.3,0.5,0,0,0,0,82.61,0,0,318,5,2.13281,0.77716,3820
184146880,106.218,91.8812,3.81,13.38,0.5,0,0,0,0,81.99,0,0,326,5,2.125,0.77716,3820
184150700,106.403,92.052,2.79,13.52,0.4,0,0,0,0,83.19,0,0,319,5,2.13281,0.77716,3820
184154540,105.716,91.4378,3.99,14.01,0.1,0,0,0,0,81.61,0,0,319,5,2.14062,0.775146,3840
184158380,105.463,91.1733,4.06,11.74,0.2,0,0,0,0,83.9,0,0,322,5,2.13281,0.779205,3840
184162180,107.746,93.2247,3.41,12.73,0.3,0,0,0,0,83.37,0,0,318,5,2.11719,0.773112,3800
184166060,104.579,90.4841,3.6,12.35,0.4,0,0,0,0,83.66,0,0,321,5,2.14062,0.779226,3880
184169880,106.285,91.9267,4.19,13.28,0.2,0,0,0,0,82.13,0,0,319,5,2.13281,0.775115,3820
184173700,105.918,91.6409,4.18,13.46,0.4,0,0,0,0,81.87,0,0,321,5,2.13281,0.779205,3820
184177540,105.63,91.3554,3.75,14.41,0,0,0,0,0,81.64,0,0,318,5,2.11719,0.773112,3840
184181360,105.796,91.5054,5.12,11.94,0.2,0,0,0,0,82.54,0,0,325,5,2.13281,0.77716,3820
184185180,107.18,93.162,13.55,19.49,10.76,0,0,0,0,55.8,0,0,318,5,2.125,0.775115,3820
184189040,110.309,96.0973,3,11.73,1.19,0,0,0,0,80.03,0,0,315,5,2.13281,0.775209,3860
184193100,99.1235,86.1593,3.1,12.05,0,0,0,0,0,84.53,0,0,320,5,2.15625,0.779316,4060
184196900,105.704,92.022,4.09,12.32,0.1,0,0,0,0,83.49,0,0,319,5,2.13281,0.775082,3800
184200720,111.294,97.1041,3.79,12.29,0.89,0,0,0,0,79.1,0,0,307,5,2.13281,0.779194,3820
184204760,99.9739,86.7395,3.96,12.99,0,0,0,0,0,83.04,0,0,319,5,2.14062,0.773553,4040
184208580,105.79,91.8552,4.08,11.58,0.1,0,0,0,0,84.24,0,0,318,5,2.14062,0.779194,3820
184212400,110.672,96.4266,4.28,12.26,1.5,0,0,0,0,78.03,0,0,323,5,2.125,0.775146,3820
184216400,101.322,87.9126,3.49,13.77,0,0,0,0,0,82.54,0,0,319,5,2.15625,0.78125,4000
184220240,107.041,93.3563,3.58,12.44,0.65,0,0,0,0,81.64,0,0,325,5,2.11719,0.771078,3840
184224140,108.402,94.4641,3.5,11.49,1.39,0,0,0,0,80.46,0,0,326,5,2.14062,0.777244,3900
184228160,100.268,87.1691,3.59,13.33,0.2,0,0,0,0,82.88,0,0,320,5,2.14062,0.77542,4020
184231960,110.398,96.1472,4,12.47,1,0,0,0,0,78.21,0,0,322,5,2.13281,0.77716,3800
184235960,105.456,92.0308,4.53,12.95,0.79,0,0,0,0,77.99,0,0,323,5,2.14844,0.775361,4000
184239960,100.765,87.4658,4.59,11.57,0.1,0,0,0,0,83.61,0,0,319,5,2.15625,0.779297,4000
184243780,109.788,95.6494,3.68,12.68,0.59,0,0,0,0,80.25,0,0,321,5,2.14062,0.777138,3820
184247760,106.766,93.1729,3.38,13.28,1.47,0,0,0,0,77.34,0,0,318,5,2.13281,0.773438,3980
184251800,100.172,86.8623,4.7,11.77,0,0,0,0,0,83.54,0,0,318,5,2.16406,0.779307,4040
184255620,-17044,97.3822,3.09,12.85,0.93,0,0,0,0,79.78,0,0,322,5,2.125,0.773112,3820
184259680,104.474,91.9085,3.29,12.35,2.65,0,0,0,0,74.48,0,0,306,5,2.15625,0.779316,4060
184263740,99.3507,86.5408,3.19,12.67,0,0,0,0,0,84.15,0,0,319,5,2.14844,0.773591,4060
184267560,113.233,99.4892,3.62,11.31,2.55,0,0,0,0,73.39,0,0,309,5,2.14844,0.783306,3820
184271700,98.6166,86.0507,4.32,12.47,0.3,0,0,0,0,82.63,0,0,322,5,2.14844,0.77186,4140
184275560,106.296,92.8397,3,12.54,0.68,0,0,0,0,82.95,0,0,323,5,2.14844,0.779226,3860
184279480,108.665,95.462,3.58,12.05,1.77,0,0,0,0,78.1,0,0,322,5,2.125,0.773278,3920
184283560,99.3855,86.7389,3.69,12.43,0.15,0,0,0,0,83.53,0,0,320,5,2.16406,0.779326,4080
