Timestamp,SocketPower0,SocketPower1,ProbabilityScalarArithmetic,ProbabilityScalarLogic,ProbabilityScalarMemory,ProbabilityScalarBranch,ProbabilityScalarJump,ProbabilityVectorArithmetic,ProbabilityVectorLogic,ProbabilityVectorMemory,ProbabilityVectorBranch,ProbabilityVectorJump,PSUPower0,PSUPower1,SystemCpuUsage,ProcessCpuUsage,TimeDifference
230717940,88.8166,87.7406,6.29,14.49,27.03,0,0,0,0,0,0,0,384,5,2.01562,0.611801,4360
230722400,91.1833,85.5132,6.36,14.08,26.66,0,0,0,0,0,0,0,398,5,2.17969,0.774275,4460
230726880,88.9888,73.5286,19.19,21.87,15.74,0,0,0,0,43.01,0,0,399,5,2.1875,0.777747,4480
230730720,104.375,85.1746,6.27,9.96,0,0,0,0,0,83.67,0,0,395,5,2.125,0.775178,3840
230734540,104.444,85.2345,5.83,10.24,0.1,0,0,0,0,83.72,0,0,400,5,2.15625,0.779205,3820
230738380,104.183,84.9406,7.17,10.58,0.7,0,0,0,0,81.36,0,0,398,5,2.125,0.771078,3840
230742180,105.715,86.1637,8.18,9.88,0.4,0,0,0,0,81.33,0,0,403,5,2.13281,0.775115,3800
230746040,103.787,84.6209,7.74,9.67,0.48,0,0,0,0,81.71,0,0,395,5,2.13281,0.775146,3860
230749840,105.187,85.7381,8.51,10.49,0.1,0,0,0,0,80.5,0,0,398,5,2.13281,0.77716,3800
230753680,104.223,84.9457,7.49,9.89,0.6,0,0,0,0,81.83,0,0,396,5,2.13281,0.775115,3840
230757500,104.421,85.1036,8.36,10.38,0.4,0,0,0,0,80.87,0,0,395,5,2.13281,0.779205,3820
230761320,104.67,85.2825,6.68,10.62,0.6,0,0,0,0,82.1,0,0,399,5,2.11719,0.771024,3820
230764160,104.778,86.0152,7.13,9.84,0.55,0,0,0,0,82.38,0,0,398,5,2.13281,0.775115,2840
230767980,105.013,85.5453,7.48,8.82,0.2,0,0,0,0,83.4,0,0,398,5,2.25781,0.775748,3820
230771820,104.539,85.1741,7.38,10.46,0.3,0,0,0,0,81.67,0,0,395,5,2.125,0.775146,3840
230775640,105.309,85.7642,7.33,9.18,0.3,0,0,0,0,82.9,0,0,401,5,2.14062,0.77716,3820
230779480,104.011,84.7158,7.59,9.47,0.4,0,0,0,0,82.55,0,0,395,5,2.125,0.775146,3840
230783320,104.567,85.1405,7.39,9.6,0.4,0,0,0,0,82.11,0,0,396,5,2.11719,0.773112,3840
230787120,105.472,85.9144,6.83,9.39,0.2,0,0,0,0,83.37,0,0,396,5,2.14062,0.779194,3800
230790960,104.786,85.3602,7.68,9.65,0.3,0,0,0,0,82.27,0,0,397,5,2.10938,0.769106,3840
230794800,104.16,84.8145,6.5,9.43,0.65,0,0,0,0,83.32,0,0,397,5,2.13281,0.777181,3840
230798620,104.964,85.4927,8.18,8.04,0.2,0,0,0,0,83.4,0,0,395,5,2.13281,0.779194,3820
230802440,104.819,85.3817,8.01,8.89,0.1,0,0,0,0,82.91,0,0,399,5,2.125,0.771078,3820
230806280,104.136,84.8358,6.48,10.87,0,0,0,0,0,82.43,0,0,396,5,2.13281,0.779205,3840
230810100,104.873,85.4088,6.78,10.11,0.2,0,0,0,0,82.6,0,0,397,5,2.13281,0.775115,3820
230813920,104.82,85.3853,6.87,9.97,0.2,0,0,0,0,82.67,0,0,394,5,2.13281,0.77716,3820
230817760,104.432,85.0464,7.18,9.81,0.1,0,0,0,0,82.9,0,0,398,5,2.11719,0.771078,3840
230821560,105.715,86.141,6.98,10.77,0.3,0,0,0,0,81.73,0,0,396,5,2.14062,0.77716,3800
230825400,103.991,84.7473,5.89,10.42,0.3,0,0,0,0,83.4,0,0,394,5,2.13281,0.775146,3840
230829240,104.25,84.9019,6.89,9.53,0.1,0,0,0,0,83.27,0,0,396,5,2.125,0.773069,3840
230833040,106.896,87.1279,7.77,9.83,0.7,0,0,0,0,81.02,0,0,395,5,2.14062,0.77716,3800
230836940,102.106,83.1581,6.59,9.01,0.4,0,0,0,0,83.7,0,0,399,5,2.14844,0.779226,3900
230840740,105.674,86.0845,7.22,9.22,0.1,0,0,0,0,82.96,0,0,394,5,2.11719,0.773069,3800
230844560,104.752,85.328,6.07,10.68,0.5,0,0,0,0,82.45,0,0,399,5,2.14062,0.779205,3820
230848400,104.631,85.2051,7.27,8.35,0.1,0,0,0,0,84.18,0,0,397,5,2.11719,0.771078,3840
230852240,104.481,85.1186,6.68,10.85,0,0,0,0,0,82.08,0,0,398,5,2.13281,0.775146,3840
230856060,104.735,85.2963,6.57,10.43,0.3,0,0,0,0,82.5,0,0,397,5,2.14062,0.779205,3820
230859880,104.542,85.1338,7.15,10.63,0.1,0,0,0,0,81.92,0,0,400,5,2.125,0.775115,3820
230863700,104.784,85.2462,7.3,9.07,0.2,0,0,0,0,83.23,0,0,397,5,2.13281,0.773069,3820
230867520,104.791,85.3618,6.38,9.8,0.3,0,0,0,0,83.18,0,0,403,5,2.15625,0.775115,3820
230871340,104.513,85.1041,6.78,10.06,0.1,0,0,0,0,82.87,0,0,396,5,2.14062,0.77716,3820
230875160,104.522,85.1491,6.57,10.08,0.1,0,0,0,0,83.24,0,0,396,5,2.13281,0.777138,3820
230878960,105.571,85.9704,7.22,8.78,0.2,0,0,0,0,83.61,0,0,396,5,2.11719,0.769043,3800
230882800,103.964,84.6629,6.59,9.56,0.1,0,0,0,0,83.66,0,0,395,5,2.14062,0.779205,3840
230886620,105.308,85.7391,6.62,9.27,0.2,0,0,0,0,83.41,0,0,397,5,2.125,0.77716,3820
230890460,105.947,86.3027,6.44,10.51,0.7,0,0,0,0,81.55,0,0,394,5,2.125,0.771078,3840
230894340,103.289,84.1112,6.87,9.17,0.4,0,0,0,0,83.36,0,0,400,5,2.14844,0.779236,3880
230898180,105.196,85.6415,6.68,10.41,0.19,0,0,0,0,82.44,0,0,398,5,2.11719,0.773112,3840
230902020,104.468,85.08,7.78,8.39,0.68,0,0,0,0,83.04,0,0,400,5,2.13281,0.777181,3840
230905840,104.414,85.008,7.83,9.58,0.3,0,0,0,0,82.2,0,0,396,5,2.13281,0.77716,3820
230909660,105.152,85.5612,7.27,10.54,0.1,0,0,0,0,81.98,0,0,403,5,2.11719,0.775115,3820
230913480,105.081,85.5827,7.98,10.07,0.3,0,0,0,0,81.33,0,0,395,5,2.13281,0.775115,3820
230917340,105.789,86.1875,7.34,8.48,0.5,0,0,0,0,82.88,0,0,394,5,2.125,0.773154,3860
230921220,103.605,84.3961,6.38,10.24,0.1,0,0,0,0,82.99,0,0,394,5,2.14062,0.779236,3880
230925060,104.183,84.8287,5.98,9.07,0.6,0,0,0,0,84.24,0,0,397,5,2.13281,0.775146,3840
230928880,104.508,85.099,6.55,10.06,0.4,0,0,0,0,82.8,0,0,399,5,2.11719,0.773069,3820
230932680,105.358,85.8172,6.78,9.76,0.4,0,0,0,0,82.55,0,0,395,5,2.125,0.77716,3800
230936520,104.428,85.0454,5.88,9.03,0.1,0,0,0,0,84.99,0,0,400,5,2.13281,0.775115,3840
230940340,104.488,85.0918,6.94,9.88,0.2,0,0,0,0,82.98,0,0,395,5,2.13281,0.775115,3820
230944160,105.792,86.1226,5.57,9.85,0.4,0,0,0,0,84.08,0,0,403,5,2.13281,0.775115,3820
230948020,103.727,84.4691,7.18,9.94,0.36,0,0,0,0,82.42,0,0,396,5,2.13281,0.779215,3860
230951820,105.319,85.7576,7.72,9.62,0.09,0,0,0,0,82.27,0,0,397,5,2.125,0.771078,3800
230955660,104.765,85.3241,6.79,9.63,0.1,0,0,0,0,83.17,0,0,395,5,2.13281,0.775115,3840
230959500,104.419,85.0403,6.61,9.85,0.2,0,0,0,0,83.25,0,0,396,5,2.13281,0.777181,3840
230963320,105.133,85.6185,6.06,9.94,0.42,0,0,0,0,83.31,0,0,395,5,2.125,0.773112,3820
230967160,104.892,85.4004,7.28,9.39,0.1,0,0,0,0,82.79,0,0,396,5,2.125,0.775146,3840
230971020,99.0811,84.5015,32.91,32.94,32.93,0,0,0,0,1.23,0,0,382,5,2.13281,0.777181,3860
230974840,107.533,88.1309,6.27,8.79,0.49,0,0,0,0,82.22,0,0,395,5,2.13281,0.775115,3820
230978800,104.405,85.5607,6.71,9.59,0.76,0,0,0,0,81.25,0,0,402,5,2.14062,0.779267,3960
230982760,104.77,86.0697,7.44,9.24,0.96,0,0,0,0,80.61,0,0,398,5,2.14062,0.773398,3960
230986760,102.271,83.9629,6.48,9.65,0.2,0,0,0,0,81.45,0,0,395,5,2.14844,0.777324,4000
230990680,105.668,86.7666,7.38,10.8,0.55,0,0,0,0,79.56,0,0,399,5,2.14062,0.775301,3920
230994660,102.485,84.163,6.42,8.97,0.56,0,0,0,0,82.35,0,0,396,5,2.14844,0.775361,3980
230998600,104.434,85.7422,7.5,9.44,0.56,0,0,0,0,80.48,0,0,396,5,2.14062,0.775271,3940
231002540,105.648,86.7733,8.01,10.85,0.87,0,0,0,0,78.17,0,0,397,5,2.14062,0.777304,3940
231006560,104.233,85.5342,6.44,8.79,1.17,0,0,0,0,81.53,0,0,398,5,2.14062,0.771533,4020
231010580,101.856,83.8017,7.17,9.52,0.84,0,0,0,0,80.21,0,0,396,5,2.15625,0.777344,4020
231014520,102.947,84.5257,6.3,8.92,0.68,0,0,0,0,82.82,0,0,394,5,2.14062,0.775331,3940
231018440,105.304,86.6151,6.13,8,0.98,0,0,0,0,82.66,0,0,391,5,2.14062,0.77524,3920
231022400,103.288,84.9747,7.25,9.84,0.7,0,0,0,0,80.74,0,0,388,5,2.14062,0.775361,3960
231026340,103.704,85.0868,6.51,8.99,0.5,0,0,0,0,81.53,0,0,396,5,2.14062,0.775301,3940
231030260,104.891,86.2793,7.81,10.49,0.95,0,0,0,0,78.88,0,0,397,5,2.14062,0.777264,3920
231034240,102.897,84.5566,6.91,9.67,0.39,0,0,0,0,81.46,0,0,397,5,2.14062,0.773398,3980
231038180,105.144,86.2667,6.11,9.31,0.61,0,0,0,0,81.77,0,0,395,5,2.14062,0.775301,3940
231042180,103.632,85.3174,6.11,10.79,0.7,0,0,0,0,80.29,0,0,399,5,2.14062,0.775361,4000
231046160,103.775,85.384,7.69,9.29,0.4,0,0,0,0,80.44,0,0,386,5,2.14062,0.773438,3980
231050140,103.616,85.0669,7.11,10.12,0.6,0,0,0,0,80.78,0,0,398,5,2.15625,0.78125,3980
231054100,103.447,85.0862,7.21,9.14,0.58,0,0,0,0,81.74,0,0,400,5,2.14062,0.773398,3960
231058040,103.717,85.1691,6.61,9.56,0.56,0,0,0,0,80.94,0,0,395,5,2.13281,0.773359,3940
231060980,104.677,86.7626,7.08,9.51,0.88,0,0,0,0,81.19,0,0,399,5,2.14844,0.777264,2940
231064940,103.068,84.7834,7.09,9.88,0.3,0,0,0,0,80.95,0,0,399,5,2.25,0.770763,3960
231068880,-16528.8,85.2475,7.3,9.11,0.89,0,0,0,0,81.05,0,0,395,5,2.14844,0.777264,3940
231072820,106.427,87.8599,6.26,9.83,0.64,0,0,0,0,79.41,0,0,390,5,2.14062,0.775301,3940
231076880,99.8139,82.5893,5.83,9.38,0.28,0,0,0,0,83.02,0,0,400,5,2.15625,0.777382,4060
231079800,107.034,89.3943,6.95,10.11,1.08,0,0,0,0,78.93,0,0,400,5,2.13281,0.773319,2920
231083820,104.311,86.1697,6.49,9.61,1.55,0,0,0,0,78.29,0,0,397,5,2.26562,0.77354,4020
231087900,102.063,84.6172,6.9,8.36,1.28,0,0,0,0,79.1,0,0,397,5,2.14844,0.773553,4080
231091940,102.552,85.0073,7.59,9.52,1.58,0,0,0,0,78.16,0,0,399,5,2.16406,0.78125,4040
231095960,104.108,85.9501,7.82,9.58,1.07,0,0,0,0,77.87,0,0,401,5,2.14062,0.773515,4020
