Timestamp,SocketPower0,SocketPower1,ProbabilityScalarArithmetic,ProbabilityScalarLogic,ProbabilityScalarMemory,ProbabilityScalarBranch,ProbabilityScalarJump,ProbabilityVectorArithmetic,ProbabilityVectorLogic,ProbabilityVectorMemory,ProbabilityVectorBranch,ProbabilityVectorJump,PSUPower0,PSUPower1,SystemCpuUsage,ProcessCpuUsage,TimeDifference
225634740,88.5103,87.5257,6.66,13.38,26.39,0,0,0,0,0,0,0,385,5,2.00781,0.610795,4400
225639240,90.4297,84.8316,7.78,13.48,24.69,0,0,0,0,0,0,0,394,5,2.1875,0.776042,4500
225643700,85.5294,74.125,23.18,23.88,14.96,0,0,0,0,37.28,0,0,393,5,2.1875,0.779498,4460
225647560,97.3921,84.4438,15.56,15.91,0.4,0,0,0,0,67.94,0,0,396,5,2.13281,0.77113,3860
225651380,98.2974,85.2636,15.22,15.56,0.2,0,0,0,0,68.72,0,0,393,5,2.11719,0.771024,3820
225655180,99.2229,86.0958,16.02,17.8,0,0,0,0,0,65.78,0,0,396,5,2.125,0.771024,3800
225659040,97.1877,84.3011,15.27,17.94,0.1,0,0,0,0,66.5,0,0,393,5,2.125,0.769043,3860
225662840,99.0121,85.8583,16.13,16.59,0.36,0,0,0,0,66.73,0,0,396,5,2.13281,0.775082,3800
225665680,98.0565,85.6432,13.98,16.94,0,0,0,0,0,68.89,0,0,397,5,2.11719,0.769043,2840
225669500,98.8496,85.7442,14.74,17.21,0.3,0,0,0,0,67.47,0,0,392,5,2.25,0.770168,3820
225673340,98.2564,85.1959,15.94,17.1,0.2,0,0,0,0,66.56,0,0,393,5,2.13281,0.769043,3840
225677180,98.0499,85.0057,15.04,17.76,0.4,0,0,0,0,66.81,0,0,392,5,2.125,0.771078,3840
225680980,98.9278,85.7093,13.37,17.33,0.39,0,0,0,0,68.79,0,0,395,5,2.11719,0.771024,3800
225684800,98.2084,85.1798,16.19,14.74,0.2,0,0,0,0,68.38,0,0,393,5,2.11719,0.768979,3820
225688620,98.6175,85.4825,15.04,17.05,0.2,0,0,0,0,67.41,0,0,396,5,2.13281,0.773026,3820
225692460,98.2178,85.1715,13.85,15.51,0.33,0,0,0,0,69.98,0,0,392,5,2.11719,0.769043,3840
225696280,99.547,86.2412,14.38,17.84,0.5,0,0,0,0,66.77,0,0,396,5,2.125,0.771024,3820
225700140,98.5367,85.4487,14.66,18.2,0.59,0,0,0,0,65.95,0,0,391,5,2.13281,0.775178,3860
225704000,98.5933,85.472,14.72,18.74,0.79,0,0,0,0,64.93,0,0,394,5,2.13281,0.77113,3860
225707880,97.0149,84.1163,15.07,20.14,0.4,0,0,0,0,64.19,0,0,392,5,2.11719,0.767155,3880
225711680,99.1992,86.0012,14.11,16.56,0.4,0,0,0,0,68.83,0,0,391,5,2.11719,0.773069,3800
225715540,97.7109,84.714,14.39,15.57,0.4,0,0,0,0,69.35,0,0,396,5,2.125,0.769043,3860
225719360,98.5991,85.5029,15.54,15.53,0.5,0,0,0,0,68.15,0,0,395,5,2.125,0.771024,3820
225723180,98.6175,85.4794,15.91,15.78,0.2,0,0,0,0,67.84,0,0,395,5,2.125,0.769043,3820
225727020,97.7163,84.7534,15.55,14.03,0.3,0,0,0,0,69.82,0,0,392,5,2.13281,0.775082,3840
225730820,99.7019,86.4319,14.24,17.3,0.5,0,0,0,0,67.18,0,0,396,5,2.10938,0.764974,3800
225734660,97.5515,84.5662,15.36,16.33,0.4,0,0,0,0,67.81,0,0,393,5,2.13281,0.771078,3840
225738480,98.507,85.3996,15.06,15.84,0.78,0,0,0,0,68.14,0,0,399,5,2.125,0.77097,3820
225741320,98.2381,85.8398,14.36,17.56,0.64,0,0,0,0,67.24,0,0,397,5,2.125,0.773069,2840
225745120,99.5292,86.3322,12.66,16.84,0.3,0,0,0,0,69.72,0,0,393,5,2.25781,0.772939,3800
225748960,98.6847,-16980.2,14.63,17.63,0.6,0,0,0,0,66.78,0,0,395,5,2.11719,0.767082,3840
225752820,98.2159,85.1829,15.39,17.36,0.3,0,0,0,0,65.78,0,0,393,5,2.125,0.77113,3860
225756680,97.3324,84.3447,14.25,18.14,0.59,0,0,0,0,66.73,0,0,397,5,2.125,0.771078,3860
225760480,99.153,86.0196,15.44,15.24,0.4,0,0,0,0,68.74,0,0,392,5,2.11719,0.771024,3800
225764320,97.8943,84.8664,13.92,17.31,0.2,0,0,0,0,67.97,0,0,396,5,2.13281,0.771024,3840
225768120,98.7521,85.6486,15.74,17.4,0.3,0,0,0,0,66.37,0,0,391,5,2.11719,0.768979,3800
225771960,98.2544,85.189,15.66,17.61,0.4,0,0,0,0,65.93,0,0,397,5,2.11719,0.768979,3840
225775800,98.2503,85.2289,15.75,16.95,0.34,0,0,0,0,66.35,0,0,393,5,2.125,0.773112,3840
225779600,99.1334,85.9679,15.55,15.98,0.1,0,0,0,0,68.17,0,0,398,5,2.11719,0.771024,3800
225783440,98.174,85.0965,16.36,17.85,0.3,0,0,0,0,65.3,0,0,392,5,2.125,0.769043,3840
225787260,98.2463,85.2011,15.39,17.14,0.2,0,0,0,0,66.88,0,0,399,5,2.13281,0.775082,3820
225791100,98.3856,85.33,15.85,15.1,0.3,0,0,0,0,68.27,0,0,392,5,2.10938,0.767008,3840
225794920,98.775,85.6515,13.79,18.95,0.4,0,0,0,0,66.76,0,0,392,5,2.14062,0.773069,3820
225798760,98.4751,85.3776,14.22,14.89,0.3,0,0,0,0,70.2,0,0,396,5,2.11719,0.771078,3840
225802600,98.1923,85.1382,14.69,16.53,0.3,0,0,0,0,68.05,0,0,393,5,2.125,0.771078,3840
225806420,98.6134,85.507,14.05,16.47,0.4,0,0,0,0,68.79,0,0,395,5,2.13281,0.771024,3820
225810240,98.821,85.6765,14.45,17.79,0.5,0,0,0,0,66.87,0,0,392,5,2.11719,0.769043,3820
225814080,98.1242,85.0581,15.16,16.43,0.3,0,0,0,0,67.72,0,0,394,5,2.13281,0.771024,3840
225817900,98.6001,85.4593,14.11,18.15,0.19,0,0,0,0,67.25,0,0,393,5,2.13281,0.775115,3820
225821740,98.4049,85.2801,15.3,15.3,0.39,0,0,0,0,68.7,0,0,393,5,2.10938,0.764974,3840
225825560,98.5101,85.3672,14.43,16.34,0.3,0,0,0,0,68.64,0,0,393,5,2.14062,0.77716,3820
225829400,98.2117,85.1164,16.34,17.27,0.4,0,0,0,0,65.99,0,0,391,5,2.10938,0.767008,3840
225833220,98.9733,85.763,14.39,18.27,0.2,0,0,0,0,66.83,0,0,393,5,2.13281,0.771024,3820
225837060,98.3653,85.2123,15.58,16.04,0.3,0,0,0,0,67.9,0,0,393,5,2.11719,0.769043,3840
225840900,100.606,87.4873,31.82,33.16,33.18,0,0,0,0,0,0,0,396,5,2.11719,0.769043,3840
225844820,99.3981,86.6116,14.49,17.11,0.88,0,0,0,0,65.36,0,0,393,5,2.14062,0.777284,3920
225848820,97.8135,85.3877,14.53,15.59,0.68,0,0,0,0,65.14,0,0,396,5,2.14062,0.773359,4000
225852800,94.0071,82.0563,14.68,18.13,0.12,0,0,0,0,66.85,0,0,392,5,2.15625,0.773398,3980
225856620,103.63,90.3486,13.49,16.24,1.28,0,0,0,0,65.53,0,0,393,5,2.11719,0.771078,3820
225860660,95.765,83.6358,13.9,15.87,1.05,0,0,0,0,66.2,0,0,397,5,2.14062,0.769647,4040
225864620,94.5964,82.6899,14.78,16.75,0.52,0,0,0,0,67.56,0,0,391,5,2.14062,0.773359,3960
225867460,98.1748,85.9519,15.81,15.96,0.1,0,0,0,0,67.75,0,0,398,5,2.11719,0.769043,2840
225871300,97.3602,84.8015,14.25,14.61,0.1,0,0,0,0,70.84,0,0,397,5,2.26562,0.772939,3840
225874120,97.7394,85.7148,13.95,16.27,0,0,0,0,0,69.78,0,0,396,5,2.11719,0.767008,2820
225877940,101.512,88.7074,14.54,15.72,0.2,0,0,0,0,67.66,0,0,396,5,2.25781,0.77567,3820
225881880,-16537.7,82.84,15.06,18.57,0.1,0,0,0,0,65.81,0,0,392,5,2.13281,0.771386,3940
225884700,103.405,90.7895,15.18,15.29,0.99,0,0,0,0,66.83,0,0,397,5,2.125,0.773069,2820
225888680,94.4807,82.4376,14.81,15.66,0.1,0,0,0,0,69.05,0,0,397,5,2.24219,0.763021,3980
225892520,101.795,88.7807,16.1,15.65,0.7,0,0,0,0,63.81,0,0,388,5,2.14062,0.775115,3840
225896520,97.8857,85.5173,15.2,14.2,1.2,0,0,0,0,65.52,0,0,392,5,2.14844,0.773398,4000
225900520,93.7224,81.9753,14.24,14.57,0,0,0,0,0,71.19,0,0,399,5,2.125,0.76578,4000
225904360,101.118,88.1554,16.5,15.26,0.59,0,0,0,0,65.08,0,0,392,5,2.13281,0.773069,3840
225907320,95.6332,84.1747,15.38,17,0.6,0,0,0,0,66.42,0,0,398,5,2.13281,0.769472,2960
225911220,100.938,88.4575,13.5,17.75,1.3,0,0,0,0,64.31,0,0,396,5,2.26562,0.775825,3900
225915240,98.1102,86.1605,12,14.48,2.2,0,0,0,0,64.68,0,0,393,5,2.14844,0.769647,4020
225919320,96.5856,84.9327,13.65,14.26,0.79,0,0,0,0,67.06,0,0,393,5,2.14062,0.771629,4080
225923360,91.7565,80.6097,16.05,15.36,0.2,0,0,0,0,68.4,0,0,396,5,2.15625,0.775449,4040
225927180,98.0253,85.6985,14.35,16.73,0,0,0,0,0,68.92,0,0,393,5,2.11719,0.771024,3820
225931020,101.558,89.1759,12.32,16.16,1.76,0,0,0,0,64.01,0,0,400,5,2.125,0.771078,3840
225935040,97.5703,85.4781,13.63,16.12,1.7,0,0,0,0,63.71,0,0,397,5,2.14844,0.771484,4020
225939040,97.3051,85.4939,10.68,19.03,0.68,0,0,0,0,65.74,0,0,393,5,2.13281,0.769647,4000
225943040,94.032,82.8276,16.05,17.53,0.4,0,0,0,0,65.22,0,0,392,5,2.14062,0.771484,4000
225946940,96.0445,84.2844,14.42,15.5,0.1,0,0,0,0,69.78,0,0,399,5,2.13281,0.775209,3900
225950120,99.6223,92.7538,13.05,14.08,1.94,0,0,0,0,65.58,0,0,382,5,2.13281,0.773069,3180
225951140,24.5045,24.6324,0,0,0,0,0,0,0,0,0,0,382,5,2.29688,0.772166,1020
