Timestamp,SocketPower0,SocketPower1,ProbabilityScalarArithmetic,ProbabilityScalarLogic,ProbabilityScalarMemory,ProbabilityScalarBranch,ProbabilityScalarJump,ProbabilityVectorArithmetic,ProbabilityVectorLogic,ProbabilityVectorMemory,ProbabilityVectorBranch,ProbabilityVectorJump,PSUPower0,PSUPower1,SystemCpuUsage,ProcessCpuUsage,TimeDifference
17548980,111.87,119.158,0.58,38.79,6.55,0,0,0,0,0,0,0,456,5,42.4844,41.4343,6180
17554770,128.018,127.334,0.54,38.32,7,0,0,0,0,0,0,0,657,5,50.6406,49.6673,5790
17560660,216.017,218.241,1.92,1.78,0.02,0,0,94.35,0,1.78,0,0,631,5,50.625,49.6411,5890
17566650,212.939,215.588,1.91,1.72,0,0,0,94.54,0,1.68,0,0,634,5,50.6953,49.6388,5990
17572630,220.5,223.743,1.83,1.77,0,0,0,94.57,0,1.68,0,0,635,5,50.4688,49.4418,5980
17578780,222.313,225.124,1.84,1.78,0.02,0,0,94.23,0,1.83,0,0,635,5,50.5859,49.5315,6150
17585180,198.897,201.321,1.87,1.73,0,0,0,94.57,0,1.7,0,0,636,5,50.5469,49.502,6400
17591160,211.059,213.993,1.84,1.77,0,0,0,94.6,0,1.69,0,0,635,5,50.6328,49.5784,5980
17597000,224.272,227.411,1.89,1.63,0.02,0,0,94.59,0,1.67,0,0,637,5,50.5156,49.4827,5840
17603160,209.271,211.929,1.91,1.72,0,0,0,94.45,0,1.76,0,0,638,5,50.6484,49.6055,6160
17609080,224.229,227.106,1.84,1.73,0,0,0,94.53,0,1.71,0,0,639,5,50.5234,49.4831,5920
17615260,205.926,208.831,1.82,1.69,0,0,0,94.63,0,1.74,0,0,638,5,50.6172,49.5695,6180
17621170,215.001,218.18,1.93,1.74,0,0,0,94.54,0,1.65,0,0,639,5,50.5391,49.5104,5910
17627160,228.056,231.562,1.86,1.78,0.02,0,0,94.47,0,1.66,0,0,641,5,50.5781,49.5273,5990
17633410,209.354,212.602,1.89,1.76,0,0,0,94.44,0,1.76,0,0,640,5,50.6328,49.5872,6250
17639490,216.643,220.036,1.82,1.76,0,0,0,94.52,0,1.72,0,0,641,5,50.5547,49.5109,6080
17645610,206.16,209.33,1.83,1.62,0,0,0,94.65,0,1.75,0,0,640,5,50.6016,49.5563,6120
17651440,222.768,226.26,1.82,1.69,0,0,0,94.53,0,1.74,0,0,639,5,50.5859,49.5459,5830
17657460,219.63,223.17,1.84,1.69,0,0,0,94.54,0,1.75,0,0,640,5,50.6484,49.6061,6020
17663600,211.513,214.874,1.94,1.86,0,0,0,94.36,0,1.65,0,0,640,5,50.5625,49.5208,6140
17669630,220.962,224.564,1.92,1.68,0,0,0,94.49,0,1.73,0,0,641,5,50.5547,49.5193,6030
17675770,211.547,214.99,1.84,1.82,0,0,0,94.42,0,1.76,0,0,643,5,50.5859,49.5378,6140
17681810,213.404,216.857,1.89,1.72,0,0,0,94.54,0,1.69,0,0,641,5,50.6328,49.5866,6040
17687770,221.796,-10770,1.87,1.67,0,0,0,94.62,0,1.68,0,0,641,5,50.5078,49.4696,5960
17693890,220.96,224.599,1.97,1.79,0.02,0,0,94.28,0,1.73,0,0,641,5,50.6172,49.5672,6120
17700160,202.367,205.728,1.9,1.7,0,0,0,94.51,0,1.75,0,0,644,5,50.5859,49.5327,6270
17706020,219.535,223.128,1.87,1.7,0,0,0,94.55,0,1.74,0,0,640,5,50.6016,49.5635,5860
17711990,217.349,220.983,1.88,1.73,0.02,0,0,94.5,0,1.69,0,0,642,5,50.6172,49.5648,5970
17718000,222.216,225.863,1.87,1.68,0,0,0,94.48,0,1.74,0,0,642,5,50.6016,49.5554,6010
17724190,212.87,216.428,1.97,1.72,0,0,0,94.41,0,1.72,0,0,644,5,50.5703,49.5234,6190
17730280,220.615,224.276,1.86,1.73,0.02,0,0,94.44,0,1.75,0,0,644,5,50.625,49.5902,6090
17736500,209.489,213.003,1.91,1.75,0,0,0,94.36,0,1.8,0,0,640,5,50.5625,49.5114,6220
17742520,218.781,222.475,1.85,1.62,0.02,0,0,94.68,0,1.69,0,0,642,5,50.5938,49.5569,6020
17748640,218.764,222.428,1.87,1.68,0,0,0,94.6,0,1.67,0,0,642,5,50.6875,49.6318,6120
17754840,207.964,211.438,1.87,1.73,0,0,0,94.56,0,1.66,0,0,642,5,50.4766,49.4285,6200
17760810,217.017,220.749,1.82,1.57,0,0,0,94.7,0,1.74,0,0,646,5,50.5703,49.5263,5970
17766810,212.035,215.587,1.94,1.65,0,0,0,94.59,0,1.66,0,0,645,5,50.75,49.6956,6000
17772690,222.1,225.886,1.81,1.73,0,0,0,94.51,0,1.78,0,0,642,5,50.4375,49.4028,5880
17778750,216.863,220.515,1.89,1.74,0,0,0,94.37,0,1.8,0,0,643,5,50.5703,49.5209,6060
17784830,215.589,219.184,1.84,1.6,0,0,0,94.67,0,1.73,0,0,641,5,50.6094,49.5541,6080
17790890,218.102,221.745,1.82,1.76,0.02,0,0,94.41,0,1.74,0,0,642,5,50.6719,49.6281,6060
17797010,215.717,219.245,1.89,1.7,0,0,0,94.5,0,1.74,0,0,643,5,50.5312,49.4724,6120
17803160,214.523,218.078,1.9,1.74,0,0,0,94.48,0,1.72,0,0,639,5,50.5703,49.52,6150
17809230,-10585.1,214.61,1.95,1.66,0,0,0,94.48,0,1.75,0,0,642,5,50.5781,49.5282,6070
17815180,222.926,226.662,1.89,1.76,0,0,0,94.45,0,1.71,0,0,645,5,50.5547,49.5112,5950
17821310,220.581,224.29,1.89,1.82,0.02,0,0,94.37,0,1.68,0,0,641,5,50.7266,49.6737,6130
17827590,212.985,216.581,1.88,1.73,0,0,0,94.33,0,1.85,0,0,640,5,50.4766,49.4231,6280
17833760,219.249,222.897,1.92,1.65,0,0,0,94.5,0,1.72,0,0,641,5,50.6484,49.5961,6170
17840020,207.58,211.052,1.88,1.71,0,0,0,94.48,0,1.73,0,0,637,5,50.5391,49.4929,6260
17846020,216.309,219.995,1.87,1.81,0,0,0,94.31,0,1.8,0,0,643,5,50.625,49.5794,6000
17852050,211.938,215.517,1.79,1.68,0,0,0,94.71,0,1.67,0,0,639,5,50.6094,49.5614,6030
17857980,220.17,223.768,1.94,1.7,0,0,0,94.52,0,1.66,0,0,638,5,50.6406,49.5928,5930
17864010,210.09,213.679,1.97,1.72,0,0,0,94.5,0,1.65,0,0,640,5,50.4609,49.4137,6030
17869860,217.212,220.844,1.85,1.75,0,0,0,94.61,0,1.68,0,0,639,5,50.6016,49.56,5850
17875760,220.353,224.118,1.85,1.67,0,0,0,94.58,0,1.74,0,0,643,5,50.5938,49.5496,5900
17881770,213.051,216.581,1.85,1.64,0,0,0,94.54,0,1.8,0,0,643,5,50.5781,49.5393,6010
17887710,224.115,227.846,1.9,1.66,0,0,0,94.65,0,1.61,0,0,642,5,50.5156,49.4792,5940
17893860,211.794,215.345,1.84,1.65,0,0,0,94.63,0,1.72,0,0,640,5,50.6016,49.5396,6150
17899910,223.064,226.782,1.83,1.84,0.03,0,0,94.29,0,1.75,0,0,640,5,50.5781,49.5349,6050
17906140,208.819,212.348,1.91,1.62,0,0,0,94.65,0,1.7,0,0,643,5,50.6016,49.55,6230
17912150,225.46,229.221,1.94,1.77,0,0,0,94.37,0,1.71,0,0,640,5,50.6406,49.5827,6010
17918440,209.388,212.935,1.93,1.71,0,0,0,94.38,0,1.76,0,0,644,5,50.5625,49.5074,6290
17924530,219.06,222.702,1.74,1.73,0,0,0,94.62,0,1.74,0,0,640,5,50.5703,49.5236,6090
17930710,206.539,210.025,1.86,1.76,0,0,0,94.45,0,1.73,0,0,639,5,50.6641,49.6201,6180
17936650,218.615,222.299,1.76,1.77,0,0,0,94.59,0,1.72,0,0,639,5,50.5391,49.4946,5940
17942670,221.094,224.785,1.9,1.73,0,0,0,94.48,0,1.74,0,0,644,5,50.6328,49.5924,6020
17948800,206.819,210.277,1.87,1.74,0.02,0,0,94.55,0,1.65,0,0,640,5,50.5234,49.48,6130
17954670,220.862,224.561,1.94,1.72,0,0,0,94.49,0,1.72,0,0,640,5,50.5781,49.539,5870
17960680,218.32,221.946,1.91,1.75,0,0,0,94.47,0,1.71,0,0,644,5,50.5234,49.4878,6010
17966750,214.936,218.577,1.88,1.68,0,0,0,94.6,0,1.71,0,0,641,5,50.625,49.5663,6070
17972780,214.11,217.761,1.87,1.79,0,0,0,94.37,0,1.77,0,0,642,5,50.5469,49.5033,6030
17978770,217.007,220.609,1.99,1.71,0,0,0,94.34,0,1.73,0,0,643,5,50.6172,49.5754,5990
17984780,210.312,-10690.1,1.84,1.69,0,0,0,94.63,0,1.72,0,0,643,5,50.5781,49.5307,6010
17990650,221.405,225.167,1.87,1.69,0,0,0,94.59,0,1.69,0,0,641,5,50.625,49.598,5870
17996660,220.134,223.795,1.93,1.75,0,0,0,94.47,0,1.68,0,0,641,5,50.4844,49.4459,6010
18002770,216.191,219.826,1.8,1.73,0,0,0,94.54,0,1.74,0,0,642,5,50.6172,49.5724,6110
18008890,212.305,215.862,1.88,1.71,0,0,0,94.49,0,1.79,0,0,641,5,50.6406,49.5832,6120
18014920,211.558,215.12,1.82,1.66,0,0,0,94.6,0,1.74,0,0,638,5,50.5078,49.4675,6030
18020800,216.334,220.008,1.83,1.72,0,0,0,94.59,0,1.69,0,0,642,5,50.5781,49.5318,5880
18026720,208.231,211.744,1.92,1.71,0,0,0,94.49,0,1.78,0,0,639,5,50.5781,49.5339,5920
18032400,222.821,226.676,1.79,1.63,0,0,0,94.71,0,1.74,0,0,644,5,50.5,49.476,5680
18038260,221.676,225.474,1.95,1.74,0,0,0,94.45,0,1.69,0,0,644,5,50.5703,49.5321,5860
18044270,227.806,231.784,1.86,1.74,0.02,0,0,94.4,0,1.72,0,0,641,5,50.5938,49.5424,6010
18050630,201.228,204.623,1.78,1.72,0.02,0,0,94.61,0,1.71,0,0,639,5,50.6016,49.5478,6360
18056560,214.086,217.748,1.91,1.7,0,0,0,94.49,0,1.75,0,0,639,5,50.625,49.5843,5930
18062420,226.649,230.54,1.83,1.74,0,0,0,94.49,0,1.76,0,0,644,5,50.5781,49.5429,5860
18068590,210.2,213.773,1.85,1.63,0.03,0,0,94.61,0,1.69,0,0,638,5,50.5391,49.4893,6170
18074600,216.724,220.403,1.9,1.73,0,0,0,94.46,0,1.72,0,0,640,5,50.5781,49.5315,6010
18080630,225.8,229.731,1.84,1.68,0,0,0,94.51,0,1.75,0,0,644,5,50.5781,49.5427,6030
18086930,207.628,211.2,1.84,1.72,0.02,0,0,94.56,0,1.71,0,0,639,5,50.6406,49.5821,6300
18092970,220.426,224.138,1.82,1.8,0,0,0,94.44,0,1.73,0,0,642,5,50.6094,49.5589,6040
18099160,210.943,214.531,1.94,1.75,0,0,0,94.38,0,1.78,0,0,641,5,50.5469,49.4998,6190
18105170,210.916,214.523,1.83,1.73,0,0,0,94.6,0,1.7,0,0,640,5,50.5703,49.5279,6010
18111160,-10711.8,232.355,1.89,1.67,0,0,0,94.49,0,1.73,0,0,643,5,50.5859,49.5496,5990
18117380,215.192,218.849,1.88,1.79,0.02,0,0,94.39,0,1.71,0,0,643,5,50.5703,49.5211,6220
18123590,210.581,214.167,1.87,1.75,0,0,0,94.48,0,1.7,0,0,642,5,50.5625,49.5073,6210
18129650,222.459,226.279,1.9,1.68,0,0,0,94.56,0,1.64,0,0,644,5,50.6328,49.5777,6060
18135880,205.157,208.735,1.87,1.71,0,0,0,94.57,0,1.73,0,0,647,5,50.6094,49.5537,6230
18141800,222.24,226.066,1.92,1.78,0,0,0,94.37,0,1.77,0,0,640,5,50.5625,49.5294,5920
