Timestamp,SocketPower0,SocketPower1,ProbabilityScalarArithmetic,ProbabilityScalarLogic,ProbabilityScalarMemory,ProbabilityScalarBranch,ProbabilityScalarJump,ProbabilityVectorArithmetic,ProbabilityVectorLogic,ProbabilityVectorMemory,ProbabilityVectorBranch,ProbabilityVectorJump,PSUPower0,PSUPower1,SystemCpuUsage,ProcessCpuUsage,TimeDifference
15872710,112.967,120.678,0.55,38.46,6.85,0,0,0,0,0,0,0,455,5,42.4219,41.3738,6160
15878570,139.726,139.508,0.6,38.09,6.94,0,0,0,0,0,0,0,460,5,50.6797,49.7955,5860
15885300,196.868,199.681,13.59,16.5,69.71,0,0,0,0,0,0,0,570,5,50.6953,49.6042,6730
15892320,190.731,193.947,13.61,16.71,69.47,0,0,0,0,0,0,0,570,5,50.8281,49.7066,7020
15899410,186.44,189.359,13.65,16.49,69.64,0,0,0,0,0,0,0,570,5,50.8203,49.6943,7090
15906410,188.148,191.178,13.6,16.54,69.64,0,0,0,0,0,0,0,570,5,50.8281,49.6931,7000
15913360,198.831,202.177,13.5,16.34,69.82,0,0,0,0,0,0,0,572,5,50.8203,49.6902,6950
15920680,187.357,190.343,13.46,16.56,69.68,0,0,0,0,0,0,0,569,5,50.8359,49.7054,7320
15927920,180.3,182.957,13.45,16.43,69.95,0,0,0,0,0,0,0,575,5,50.8906,49.7579,7240
15934800,189.603,192.336,13.62,16.65,69.56,0,0,0,0,0,0,0,571,5,50.7969,49.6689,6880
15941700,192.78,195.499,13.81,16.38,69.61,0,0,0,0,0,0,0,574,5,50.8047,49.6882,6900
15948710,185.472,-9160.35,13.56,16.45,69.84,0,0,0,0,0,0,0,572,5,50.8516,49.7258,7010
15955580,189.82,192.409,13.56,16.57,69.73,0,0,0,0,0,0,0,575,5,50.8203,49.7023,6870
15962410,195.848,198.534,13.81,16.55,69.42,0,0,0,0,0,0,0,571,5,50.8516,49.729,6830
15969470,195.698,198.425,13.41,16.56,69.72,0,0,0,0,0,0,0,575,5,50.7734,49.6481,7060
15976730,188.12,190.659,13.64,16.48,69.63,0,0,0,0,0,0,0,573,5,50.8828,49.7457,7260
15983920,178.657,181.09,13.39,16.67,69.82,0,0,0,0,0,0,0,570,5,50.8125,49.6821,7190
15990690,203.373,206.202,13.58,16.42,69.76,0,0,0,0,0,0,0,573,5,50.8125,49.6956,6770
15997920,184.149,186.637,13.55,16.56,69.69,0,0,0,0,0,0,0,572,5,50.8438,49.7144,7230
16004930,192.156,194.831,13.71,16.65,69.4,0,0,0,0,0,0,0,576,5,50.8125,49.6879,7010
16012010,184.81,187.322,13.65,16.53,69.65,0,0,0,0,0,0,0,571,5,50.8203,49.6965,7080
16018880,195.882,198.643,13.42,16.46,69.93,0,0,0,0,0,0,0,572,5,50.8516,49.7286,6870
16025980,183.82,186.345,13.44,16.52,69.86,0,0,0,0,0,0,0,573,5,50.8828,49.7481,7100
16032840,188.739,191.385,13.47,16.57,69.76,0,0,0,0,0,0,0,575,5,50.7969,49.6691,6860
16039640,184.776,187.328,13.56,16.67,69.67,0,0,0,0,0,0,0,573,5,50.7969,49.6811,6800
16046240,201.204,203.987,13.64,16.61,69.53,0,0,0,0,0,0,0,574,5,50.8594,49.7396,6600
16053240,190.989,193.618,13.66,16.37,69.8,0,0,0,0,0,0,0,574,5,50.8203,49.6971,7000
16060270,-9135.63,188.761,13.48,16.43,69.89,0,0,0,0,0,0,0,571,5,50.8281,49.7011,7030
16067160,195.9,198.551,13.48,16.98,69.31,0,0,0,0,0,0,0,571,5,50.7891,49.6689,6890
16074260,182.113,184.634,13.42,16.57,69.85,0,0,0,0,0,0,0,572,5,50.8594,49.7333,7100
16081060,194.84,197.564,13.59,16.6,69.63,0,0,0,0,0,0,0,573,5,50.8359,49.7151,6800
16088020,191.602,194.251,13.32,16.61,69.86,0,0,0,0,0,0,0,574,5,50.7812,49.6597,6960
16095020,187.908,190.496,13.79,16.69,69.33,0,0,0,0,0,0,0,571,5,50.8359,49.702,7000
16101940,188.654,191.278,13.27,16.57,69.95,0,0,0,0,0,0,0,571,5,50.8828,49.7592,6920
16108810,188.627,191.269,13.5,16.52,69.83,0,0,0,0,0,0,0,574,5,50.8203,49.6975,6870
16115640,198.344,201.122,13.57,16.47,69.77,0,0,0,0,0,0,0,575,5,50.7812,49.6586,6830
16122750,187.967,190.629,13.53,16.34,69.93,0,0,0,0,0,0,0,575,5,50.8438,49.7169,7110
16129770,186.745,189.343,13.63,16.53,69.68,0,0,0,0,0,0,0,574,5,50.8047,49.6811,7020
16136680,190.236,192.881,13.5,16.63,69.72,0,0,0,0,0,0,0,574,5,50.8594,49.7358,6910
16143600,192.186,194.806,13.67,16.54,69.62,0,0,0,0,0,0,0,575,5,50.7891,49.6737,6920
16150580,188.82,191.436,13.7,16.53,69.57,0,0,0,0,0,0,0,573,5,50.8125,49.687,6980
16157510,187.253,189.851,13.65,16.4,69.75,0,0,0,0,0,0,0,571,5,50.8359,49.7013,6930
16164330,197.709,200.481,13.3,16.3,70.19,0,0,0,0,0,0,0,570,5,50.8672,49.7434,6820
16171440,183.098,185.607,13.56,16.61,69.68,0,0,0,0,0,0,0,572,5,50.8203,49.6974,7110
16178270,201.253,204.056,13.44,16.49,69.82,0,0,0,0,0,0,0,575,5,50.8203,49.7007,6830
16185510,180.943,183.451,13.63,16.49,69.74,0,0,0,0,0,0,0,573,5,50.7969,49.6672,7240
16192390,193.072,195.787,13.58,16.62,69.61,0,0,0,0,0,0,0,571,5,50.8516,49.7347,6880
16199390,188.798,191.402,13.59,16.38,69.84,0,0,0,0,0,0,0,574,5,50.8281,49.7045,7000
16206330,195.709,198.465,13.92,16.35,69.47,0,0,0,0,0,0,0,571,5,50.8281,49.701,6940
16213470,194.657,197.358,13.33,16.64,69.8,0,0,0,0,0,0,0,575,5,50.8516,49.7254,7140
16220780,185.546,188.178,13.53,16.6,69.6,0,0,0,0,0,0,0,575,5,50.8047,49.6638,7310
16227890,187.582,190.148,13.31,16.38,70.11,0,0,0,0,0,0,0,572,5,50.8203,49.6895,7110
16234900,186.554,189.17,13.46,16.66,69.72,0,0,0,0,0,0,0,575,5,50.8516,49.7225,7010
16241780,194.537,197.219,13.42,16.47,69.94,0,0,0,0,0,0,0,575,5,50.8047,49.6866,6880
16248840,188.74,191.392,13.38,16.36,70.08,0,0,0,0,0,0,0,576,5,50.8438,49.7159,7060
16255830,191.008,193.673,13.43,16.4,69.98,0,0,0,0,0,0,0,577,5,50.8281,49.7087,6990
16262880,185.601,188.104,13.79,16.39,69.62,0,0,0,0,0,0,0,572,5,50.8516,49.7288,7050
16269730,196.523,199.299,13.45,16.61,69.71,0,0,0,0,0,0,0,575,5,50.8281,49.7089,6850
16276810,194.007,196.717,13.59,16.48,69.67,0,0,0,0,0,0,0,576,5,50.8281,49.6932,7080
16284030,187.899,190.528,13.51,16.65,69.64,0,0,0,0,0,0,0,575,5,50.8438,49.7111,7220
16291170,187.236,-8988.4,13.39,16.66,69.77,0,0,0,0,0,0,0,574,5,50.8047,49.6822,7140
16298190,194.569,197.327,13.65,16.51,69.52,0,0,0,0,0,0,0,572,5,50.8359,49.7077,7020
16305370,190.75,193.461,13.4,16.51,69.86,0,0,0,0,0,0,0,574,5,50.7891,49.661,7180
16312590,187.78,190.4,13.56,16.58,69.66,0,0,0,0,0,0,0,574,5,50.8281,49.7027,7220
16319720,186.399,188.925,13.55,16.62,69.64,0,0,0,0,0,0,0,575,5,50.875,49.7425,7130
16326710,189.517,192.143,13.55,16.37,69.91,0,0,0,0,0,0,0,573,5,50.7734,49.6507,6990
16333680,196.811,199.591,13.7,16.46,69.57,0,0,0,0,0,0,0,572,5,50.8594,49.7295,6970
16340890,184.902,187.448,13.53,16.39,69.9,0,0,0,0,0,0,0,574,5,50.8281,49.7031,7210
16347880,191.099,193.77,13.79,16.56,69.41,0,0,0,0,0,0,0,575,5,50.8672,49.7355,6990
16354930,188.428,191.072,13.44,16.41,69.95,0,0,0,0,0,0,0,575,5,50.8203,49.6922,7050
16361890,185.469,188.077,13.49,16.85,69.45,0,0,0,0,0,0,0,573,5,50.7891,49.6709,6960
16368680,194.062,196.755,13.63,16.38,69.81,0,0,0,0,0,0,0,574,5,50.8516,49.7281,6790
16375630,188.478,191.097,13.42,16.62,69.79,0,0,0,0,0,0,0,575,5,50.7656,49.647,6950
16382500,197.452,200.246,13.56,16.48,69.78,0,0,0,0,0,0,0,572,5,50.8828,49.7612,6870
16389640,173.399,175.734,13.73,16.66,69.52,0,0,0,0,0,0,0,575,5,50.7734,49.64,7140
16396150,207.745,210.697,13.46,16.57,69.74,0,0,0,0,0,0,0,573,5,50.9141,49.7945,6510
16403240,-9053.68,191.934,13.47,16.21,70.11,0,0,0,0,0,0,0,576,5,50.7734,49.6467,7090
16410300,194.629,197.349,13.51,16.35,69.96,0,0,0,0,0,0,0,573,5,50.8125,49.6886,7060
16417520,184.731,187.351,13.32,16.94,69.51,0,0,0,0,0,0,0,573,5,50.8438,49.7154,7220
16424560,192.007,194.694,13.71,16.63,69.46,0,0,0,0,0,0,0,576,5,50.8438,49.7196,7040
16431670,186.397,188.991,13.54,16.38,69.86,0,0,0,0,0,0,0,576,5,50.8047,49.6774,7110
16438640,196.174,198.879,13.64,16.61,69.53,0,0,0,0,0,0,0,572,5,50.7969,49.6716,6970
16445800,194.608,197.358,13.58,16.4,69.75,0,0,0,0,0,0,0,573,5,50.8672,49.7352,7160
16453140,183.372,185.835,13.74,16.51,69.53,0,0,0,0,0,0,0,576,5,50.8516,49.7186,7340
16460190,190.961,193.645,13.48,16.63,69.65,0,0,0,0,0,0,0,571,5,50.7812,49.6568,7050
16467280,188.687,191.26,13.41,16.69,69.65,0,0,0,0,0,0,0,573,5,50.8125,49.6844,7090
16474320,189.697,192.356,13.4,16.49,69.9,0,0,0,0,0,0,0,572,5,50.8594,49.73,7040
16481350,182.206,184.683,13.6,16.53,69.73,0,0,0,0,0,0,0,574,5,50.8125,49.6928,7030
16488080,198.188,200.965,13.44,16.49,69.91,0,0,0,0,0,0,0,574,5,50.7812,49.6615,6730
16495160,189.882,192.519,13.57,16.26,69.95,0,0,0,0,0,0,0,576,5,50.8516,49.7281,7080
16502160,185.173,187.689,13.5,16.42,69.94,0,0,0,0,0,0,0,576,5,50.8203,49.6994,7000
16508970,198.024,200.825,13.43,16.48,69.89,0,0,0,0,0,0,0,573,5,50.8047,49.6776,6810
16516060,190.842,193.512,13.64,16.43,69.72,0,0,0,0,0,0,0,573,5,50.8359,49.6963,7090
16523180,186.473,189.045,13.41,16.43,69.97,0,0,0,0,0,0,0,573,5,50.875,49.7528,7120
16530170,189.733,192.393,13.8,16.53,69.5,0,0,0,0,0,0,0,573,5,50.75,49.6301,6990
16537130,187.852,190.438,13.61,16.7,69.54,0,0,0,0,0,0,0,573,5,50.875,49.7474,6960
16544000,191.56,194.238,13.51,16.59,69.7,0,0,0,0,0,0,0,572,5,50.7891,49.6696,6870
16550920,198.58,201.405,13.51,16.19,69.97,0,0,0,0,0,0,0,577,5,50.7969,49.6805,6920
16558140,183.419,185.994,13.65,16.56,69.61,0,0,0,0,0,0,0,573,5,50.8984,49.7616,7220
