Timestamp,SocketPower0,SocketPower1,ProbabilityScalarArithmetic,ProbabilityScalarLogic,ProbabilityScalarMemory,ProbabilityScalarBranch,ProbabilityScalarJump,ProbabilityVectorArithmetic,ProbabilityVectorLogic,ProbabilityVectorMemory,ProbabilityVectorBranch,ProbabilityVectorJump,PSUPower0,PSUPower1,SystemCpuUsage,ProcessCpuUsage,TimeDifference
16709930,114.399,122.021,0.65,38.35,6.92,0,0,0,0,0,0,0,454,5,42.3438,41.2985,6000
16715820,121.825,121.559,0.58,38.29,6.84,0,0,0,0,0,0,0,461,5,50.625,49.6622,5890
16722060,213.799,216.78,14.88,16.57,0,0,0,0,0,68.34,0,0,566,5,50.6797,49.6906,6240
16729250,182.138,184.978,14.93,17.01,0,0,0,0,0,67.87,0,0,566,5,50.8203,49.6858,7190
16736320,189.097,192.369,14.93,16.55,0.02,0,0,0,0,68.29,0,0,565,5,50.8281,49.7039,7070
16743530,176.38,179.293,15,16.54,0.02,0,0,0,0,68.29,0,0,567,5,50.8516,49.7222,7210
16750400,190.854,194.136,14.88,16.57,0,0,0,0,0,68.35,0,0,567,5,50.9375,49.8084,6870
16757470,184.905,188.066,14.86,16.43,0.03,0,0,0,0,68.43,0,0,567,5,50.7812,49.6496,7070
16764520,186.876,189.955,14.7,16.63,0,0,0,0,0,68.46,0,0,569,5,50.8203,49.6908,7050
16771650,-9006.49,187.495,14.7,16.46,0.03,0,0,0,0,68.57,0,0,567,5,50.7891,49.6704,7130
16778710,188.648,191.533,14.83,16.54,0,0,0,0,0,68.39,0,0,569,5,50.8359,49.7076,7060
16785860,183.986,186.65,14.85,16.71,0.03,0,0,0,0,68.2,0,0,568,5,50.875,49.7425,7150
16792940,194.072,196.865,14.86,16.52,0,0,0,0,0,68.32,0,0,569,5,50.7969,49.669,7080
16800310,176.938,179.455,14.87,16.53,0,0,0,0,0,68.39,0,0,568,5,50.8594,49.7201,7370
16807310,192.935,195.691,14.89,16.61,0.02,0,0,0,0,68.18,0,0,569,5,50.8516,49.7254,7000
16814580,177.592,180.042,14.88,16.43,0,0,0,0,0,68.49,0,0,570,5,50.8359,49.694,7270
16821500,190.038,192.675,14.93,16.66,0.02,0,0,0,0,68.21,0,0,569,5,50.7891,49.6623,6920
16828530,185.034,187.627,14.86,16.58,0.02,0,0,0,0,68.38,0,0,570,5,50.8906,49.7603,7030
16835530,189.122,191.747,15.02,16.64,0,0,0,0,0,68.1,0,0,570,5,50.8438,49.7153,7000
16842650,186.999,189.657,14.9,16.6,0.02,0,0,0,0,68.3,0,0,569,5,50.8203,49.6923,7120
16849770,187.517,190.152,15.01,16.32,0,0,0,0,0,68.38,0,0,570,5,50.8203,49.6925,7120
16856940,185.955,188.655,14.91,16.38,0,0,0,0,0,68.46,0,0,572,5,50.8672,49.7334,7170
16864080,183.574,186.226,14.87,16.38,0,0,0,0,0,68.56,0,0,569,5,50.8359,49.6973,7140
16871090,180.567,183.132,15.05,16.53,0.02,0,0,0,0,68.24,0,0,567,5,50.8047,49.6766,7010
16877880,197.058,199.864,14.8,16.47,0,0,0,0,0,68.47,0,0,570,5,50.9141,49.7845,6790
16885060,183.021,185.626,14.8,16.52,0.02,0,0,0,0,68.47,0,0,569,5,50.8125,49.6862,7180
16892100,185.87,188.541,14.81,16.65,0,0,0,0,0,68.33,0,0,570,5,50.8281,49.703,7040
16899160,186.753,189.361,14.78,16.82,0,0,0,0,0,68.24,0,0,572,5,50.8438,49.7035,7060
16906180,191.833,194.583,15.19,16.44,0,0,0,0,0,68.11,0,0,570,5,50.8906,49.6902,7020
16913390,178.31,180.857,14.67,16.83,0.02,0,0,0,0,68.3,0,0,573,5,50.8906,49.7605,7210
16920270,199.344,202.213,14.84,16.41,0.02,0,0,0,0,68.47,0,0,571,5,50.7734,49.6451,6880
16927650,179.423,181.999,14.9,16.56,0.02,0,0,0,0,68.34,0,0,572,5,50.8828,49.7219,7380
16934720,184.219,186.899,14.86,16.71,0,0,0,0,0,68.19,0,0,573,5,50.8906,49.7363,7070
16941690,190.926,193.732,15.02,16.74,0.02,0,0,0,0,68.04,0,0,573,5,50.8125,49.6799,6970
16948830,187.023,189.75,14.86,16.61,0.02,0,0,0,0,68.35,0,0,569,5,50.8672,49.7392,7140
16955970,182.778,185.469,14.81,16.56,0,0,0,0,0,68.42,0,0,569,5,50.8281,49.6951,7140
16962970,184.703,187.371,14.79,16.48,0,0,0,0,0,68.56,0,0,570,5,50.8359,49.7072,7000
16969900,189.574,192.353,14.95,16.34,0,0,0,0,0,68.52,0,0,570,5,50.9219,49.7959,6930
16976940,187.449,190.203,15.16,16.43,0,0,0,0,0,68.2,0,0,571,5,50.7188,49.5889,7040
16984000,187.174,189.879,15.07,16.61,0,0,0,0,0,68.1,0,0,573,5,50.8281,49.6946,7060
16991100,185.309,187.984,15.03,16.35,0,0,0,0,0,68.4,0,0,571,5,50.8906,49.7583,7100
16998130,183.81,-9135.37,15.01,16.61,0.02,0,0,0,0,68.2,0,0,568,5,50.8125,49.6826,7030
17005020,191.094,193.852,14.97,16.46,0.02,0,0,0,0,68.35,0,0,569,5,50.8594,49.7358,6890
17012090,185.53,188.252,14.68,16.53,0,0,0,0,0,68.51,0,0,570,5,50.8281,49.6997,7070
17019160,192.228,195.076,15.03,16.5,0,0,0,0,0,68.22,0,0,573,5,50.8438,49.7177,7070
17026390,185.834,188.579,15.22,16.38,0,0,0,0,0,68.12,0,0,569,5,50.875,49.7471,7230
17033610,180.791,183.4,15.11,16.41,0,0,0,0,0,68.26,0,0,571,5,50.8047,49.6749,7220
17040590,187.275,190.014,14.89,16.65,0,0,0,0,0,68.28,0,0,572,5,50.8125,49.6826,6980
17047600,182.002,184.62,14.83,16.68,0.02,0,0,0,0,68.31,0,0,571,5,50.8125,49.6902,7010
17054410,183.351,186.03,14.8,16.66,0,0,0,0,0,68.44,0,0,571,5,50.8984,49.7697,6810
17061110,196.015,198.83,14.84,16.59,0.02,0,0,0,0,68.4,0,0,572,5,50.8203,49.7081,6700
17068130,188.798,191.572,15.22,16.59,0,0,0,0,0,68.01,0,0,572,5,50.8594,49.7322,7020
17075240,184.974,187.701,15.02,16.67,0.02,0,0,0,0,68.08,0,0,570,5,50.7734,49.6473,7110
17082270,187.434,190.163,15.11,16.43,0.03,0,0,0,0,68.19,0,0,569,5,50.8594,49.7311,7030
17089340,186.374,189.095,15.22,16.4,0.02,0,0,0,0,68.16,0,0,569,5,50.8047,49.6762,7070
17096390,183.247,185.952,14.72,16.62,0,0,0,0,0,68.5,0,0,571,5,50.9609,49.828,7050
17103310,188.147,190.862,15.04,16.46,0.02,0,0,0,0,68.34,0,0,571,5,50.8281,49.7087,6920
17110280,188.241,191.019,15.06,16.53,0.02,0,0,0,0,68.21,0,0,569,5,50.7344,49.6083,6970
17117320,184.394,187.092,15.02,16.7,0,0,0,0,0,68.15,0,0,570,5,50.8203,49.6848,7040
17124270,-9239.37,192.559,14.8,16.59,0,0,0,0,0,68.41,0,0,571,5,50.875,49.7482,6950
17131360,188.645,191.427,14.89,16.47,0,0,0,0,0,68.45,0,0,570,5,50.8438,49.7226,7090
17138510,185.623,188.373,15.08,16.62,0,0,0,0,0,68.06,0,0,570,5,50.7891,49.6622,7150
17145630,187.557,190.284,15.07,16.77,0,0,0,0,0,67.93,0,0,571,5,50.875,49.7458,7120
17152770,185.41,188.142,15.14,16.61,0,0,0,0,0,68.05,0,0,571,5,50.8281,49.7006,7140
17159860,185.473,188.197,15.18,16.55,0,0,0,0,0,68.08,0,0,570,5,50.8438,49.7216,7090
17166910,186.819,189.517,14.8,16.63,0.03,0,0,0,0,68.29,0,0,569,5,50.9062,49.7722,7050
17173960,187.354,190.093,15.02,16.91,0,0,0,0,0,67.88,0,0,571,5,50.75,49.6143,7050
17181030,184.508,187.263,14.91,16.68,0,0,0,0,0,68.22,0,0,573,5,50.8359,49.7142,7070
17188030,187.112,189.881,14.96,16.56,0.02,0,0,0,0,68.24,0,0,570,5,50.8203,49.6893,7000
17195020,187.762,190.56,14.92,16.41,0,0,0,0,0,68.45,0,0,570,5,50.8516,49.7236,6990
17202070,189.134,191.97,15,16.49,0,0,0,0,0,68.29,0,0,569,5,50.8203,49.6966,7050
17209230,183.702,186.447,14.89,16.63,0,0,0,0,0,68.29,0,0,571,5,50.875,49.7472,7160
17216270,185.051,187.821,14.91,16.45,0,0,0,0,0,68.45,0,0,569,5,50.8359,49.7052,7040
17223250,185.49,188.282,14.64,16.48,0,0,0,0,0,68.69,0,0,571,5,50.7656,49.6491,6980
17230180,196.063,199.087,15.04,16.58,0,0,0,0,0,68.12,0,0,570,5,50.875,49.7452,6930
17237440,183.364,186.103,14.75,16.89,0.02,0,0,0,0,68.17,0,0,570,5,50.8047,49.6652,7260
17244610,187.124,189.977,14.86,16.58,0,0,0,0,0,68.29,0,0,571,5,50.8984,49.7677,7170
17251770,186.657,189.432,15.33,16.65,0,0,0,0,0,67.8,0,0,572,5,50.7891,49.6653,7160
17258940,182.595,185.363,15.13,16.35,0.02,0,0,0,0,68.31,0,0,569,5,50.8516,49.7239,7170
17265940,184.376,187.153,15.1,16.32,0,0,0,0,0,68.41,0,0,569,5,50.8047,49.6828,7000
17272880,187.062,189.879,14.78,16.81,0,0,0,0,0,68.22,0,0,572,5,50.8125,49.6907,6940
17279840,186.026,188.846,14.81,16.62,0.02,0,0,0,0,68.39,0,0,572,5,50.8359,49.7126,6960
17286770,192.569,195.413,14.93,16.41,0,0,0,0,0,68.41,0,0,569,5,50.8281,49.7001,6930
17293920,182.859,185.617,15,16.65,0,0,0,0,0,68.18,0,0,567,5,50.8828,49.7454,7150
17300930,187.937,190.753,15.05,16.63,0,0,0,0,0,68.13,0,0,572,5,50.7969,49.669,7010
17307990,189.54,192.376,14.96,16.51,0,0,0,0,0,68.3,0,0,570,5,50.8516,49.7211,7060
17315160,182.68,185.408,15.07,16.36,0.02,0,0,0,0,68.32,0,0,569,5,50.8516,49.7178,7170
17322170,191.707,194.557,15.04,16.66,0,0,0,0,0,68.12,0,0,569,5,50.8359,49.718,7010
17329380,180.359,183.031,15.23,16.32,0,0,0,0,0,68.24,0,0,572,5,50.8359,49.702,7210
17336350,188.913,191.757,14.76,16.61,0,0,0,0,0,68.42,0,0,571,5,50.7969,49.6711,6970
17343410,182.141,-9097.42,14.96,16.52,0,0,0,0,0,68.32,0,0,569,5,50.9453,49.816,7060
17350280,188.5,191.302,14.7,16.58,0,0,0,0,0,68.53,0,0,570,5,50.7891,49.6621,6870
17357230,181.006,183.649,14.95,16.29,0,0,0,0,0,68.61,0,0,567,5,50.8359,49.7039,6950
17363970,190.05,192.849,15.08,16.54,0,0,0,0,0,68.2,0,0,572,5,50.8281,49.7044,6740
17370830,196.63,199.536,14.96,16.53,0.02,0,0,0,0,68.23,0,0,571,5,50.8047,49.685,6860
17378060,181.963,184.65,14.67,16.65,0.02,0,0,0,0,68.45,0,0,571,5,50.9062,49.7749,7230
17385110,185.239,187.984,15,16.79,0,0,0,0,0,67.98,0,0,573,5,50.7734,49.6437,7050
17392110,191.058,193.906,15,16.49,0.03,0,0,0,0,68.21,0,0,571,5,50.7969,49.6786,7000
17399270,183.424,186.159,14.91,16.66,0.02,0,0,0,0,68.23,0,0,572,5,50.8438,49.7141,7160
