Timestamp,SocketPower0,SocketPower1,ProbabilityScalarArithmetic,ProbabilityScalarLogic,ProbabilityScalarMemory,ProbabilityScalarBranch,ProbabilityScalarJump,ProbabilityVectorArithmetic,ProbabilityVectorLogic,ProbabilityVectorMemory,ProbabilityVectorBranch,ProbabilityVectorJump,PSUPower0,PSUPower1,SystemCpuUsage,ProcessCpuUsage,TimeDifference
9766800,116.16,123.649,0.76,38.02,7.24,0,0,0,0,0,0,0,456,5,42.2969,41.256,6000
9772650,120.49,120.071,0.63,38.02,7.26,0,0,0,0,0,0,0,462,5,50.7656,49.7861,5850
9778550,215.779,218.82,7.44,9.19,0,0,0,0,0,83.07,0,0,586,5,50.6172,49.6256,5900
9785010,197.581,200.518,7.26,9.19,0,0,0,0,0,83.25,0,0,588,5,50.6406,49.5919,6460
9791510,196.066,198.949,7.44,9.12,0,0,0,0,0,83.09,0,0,587,5,50.625,49.5546,6500
9797970,203.262,205.933,7.25,9.29,0,0,0,0,0,83.02,0,0,590,5,50.5703,49.5931,6460
9804650,194.534,197.023,7.23,9.39,0,0,0,0,0,83.09,0,0,590,5,50.7812,49.6382,6680
9811220,202.23,204.857,7.52,9.14,0,0,0,0,0,82.97,0,0,591,5,50.5,49.4472,6570
9817930,192.911,195.433,7.54,9.25,0,0,0,0,0,82.93,0,0,590,5,50.6562,49.5843,6710
9824480,205.218,207.985,7.38,9.29,0,0,0,0,0,82.93,0,0,590,5,50.6328,49.5718,6550
9831280,199.351,202.008,7.25,9.16,0,0,0,0,0,83.13,0,0,592,5,50.6406,49.5772,6800
9838130,192.019,194.578,7.35,9.15,0,0,0,0,0,83.22,0,0,592,5,50.75,49.6756,6850
9844760,192.262,194.871,7.23,9.18,0,0,0,0,0,83.38,0,0,590,5,50.5547,49.4894,6630
9851210,212.619,215.577,7.26,9.2,0.02,0,0,0,0,83.01,0,0,591,5,50.625,49.5669,6450
9858130,189.569,192.216,7.25,9.21,0,0,0,0,0,83.28,0,0,591,5,50.7188,49.6478,6920
9864750,194.328,197.048,7.27,9.28,0,0,0,0,0,83.16,0,0,591,5,50.5391,49.4823,6620
9871240,204.127,207.093,7.38,9.15,0,0,0,0,0,83.05,0,0,592,5,50.6641,49.607,6490
9877940,190.826,193.603,7.33,9.12,0,0,0,0,0,83.31,0,0,591,5,50.6484,49.5819,6700
9884380,201.026,203.975,7.26,8.99,0,0,0,0,0,83.45,0,0,592,5,50.5547,49.6555,6440
9890920,196.207,199.221,7.43,9.24,0,0,0,0,0,83.08,0,0,591,5,50.7656,49.552,6540
9897380,206.332,209.57,7.4,9.33,0,0,0,0,0,82.97,0,0,592,5,50.5547,49.5009,6460
9904120,191.259,194.285,7.34,9.16,0,0,0,0,0,83.3,0,0,591,5,50.6328,49.574,6740
9910630,197.662,200.923,7.41,9.09,0,0,0,0,0,83.24,0,0,593,5,50.6328,49.5625,6510
9917120,196.741,200.011,7.42,9.25,0,0,0,0,0,83.1,0,0,592,5,50.625,49.5577,6490
9923550,204.884,208.355,7.32,9.31,0.02,0,0,0,0,82.97,0,0,595,5,50.7344,49.6775,6430
9930200,181.931,185.001,7.28,9.26,0,0,0,0,0,83.29,0,0,592,5,50.5469,49.4897,6650
9936300,207.728,211.239,7.4,9.31,0,0,0,0,0,83.04,0,0,592,5,50.7031,49.6613,6100
9942690,197.025,200.447,7.28,9.24,0,0,0,0,0,83.28,0,0,591,5,50.5469,49.491,6390
9949050,199.323,202.684,7.32,9.26,0,0,0,0,0,83.2,0,0,593,5,50.6875,49.6346,6360
9955420,199.376,202.804,7.26,9.42,0,0,0,0,0,83.08,0,0,593,5,50.5781,49.5268,6370
9961840,191.267,194.554,7.43,9.32,0,0,0,0,0,83.12,0,0,593,5,50.7109,49.6521,6420
9968030,217.129,220.923,7.42,9.32,0,0,0,0,0,82.97,0,0,593,5,50.5234,49.4758,6190
9974800,183.194,186.409,7.47,9.34,0,0,0,0,0,82.99,0,0,592,5,50.6719,49.5955,6770
9981080,206.216,209.781,7.45,9.14,0,0,0,0,0,83.12,0,0,593,5,50.5938,49.5457,6280
9987610,199.809,203.296,7.24,9.26,0,0,0,0,0,83.12,0,0,591,5,50.6484,49.5872,6530
9994190,190.626,193.895,7.34,9.3,0,0,0,0,0,83.14,0,0,593,5,50.6328,49.5708,6580
10000510,205.629,209.279,7.21,9.22,0,0,0,0,0,83.28,0,0,591,5,50.6406,49.5927,6320
10007070,193.306,196.688,7.3,9.21,0,0,0,0,0,83.24,0,0,593,5,50.5859,49.5172,6560
10013460,200.814,204.311,7.22,9.33,0,0,0,0,0,83.17,0,0,592,5,50.6562,49.5984,6390
10019920,201.2,204.747,7.31,9.26,0,0,0,0,0,83.1,0,0,591,5,50.7266,49.6662,6460
10026480,187.241,190.554,7.35,9.38,0,0,0,0,0,83.09,0,0,592,5,50.5,49.4447,6560
10032690,203.741,207.367,7.4,9.22,0,0,0,0,0,83.06,0,0,593,5,50.7578,49.7017,6210
10039050,191.476,194.854,7.5,9.16,0,0,0,0,0,83.15,0,0,591,5,50.6094,49.5518,6360
10045200,205.075,208.659,7.21,9.25,0,0,0,0,0,83.29,0,0,592,5,50.5156,49.4762,6150
10051550,204.617,208.217,7.46,9.26,0.02,0,0,0,0,82.96,0,0,593,5,50.7109,49.6611,6350
10058110,194.613,198.004,7.36,9.17,0,0,0,0,0,83.18,0,0,592,5,50.5703,49.5081,6560
10064550,208.497,212.166,7.35,9.24,0.02,0,0,0,0,82.83,0,0,592,5,50.5469,49.565,6440
10071340,196.408,199.89,7.38,9.26,0,0,0,0,0,82.95,0,0,594,5,50.6797,49.5421,6790
10078040,188.233,-9589.42,7.26,9.3,0,0,0,0,0,83.21,0,0,594,5,50.5938,49.6041,6700
10084410,207.735,211.438,7.45,9.43,0,0,0,0,0,82.86,0,0,596,5,50.6953,49.5597,6370
10091160,198.544,202.087,7.24,9.23,0,0,0,0,0,83.22,0,0,590,5,50.5859,49.5205,6750
10097840,-9615.69,198.089,7.37,9.09,0,0,0,0,0,83.32,0,0,595,5,50.6875,49.6296,6680
10104400,199.76,203.327,7.48,9.33,0,0,0,0,0,82.82,0,0,590,5,50.6016,49.5403,6560
10111030,192.328,195.753,7.29,9.17,0.02,0,0,0,0,83.12,0,0,591,5,50.6484,49.5851,6630
10117430,206.567,210.281,7.4,9.22,0,0,0,0,0,83.01,0,0,594,5,50.6797,49.6246,6400
10124090,188.002,191.381,7.42,9.34,0,0,0,0,0,83.04,0,0,593,5,50.6484,49.5877,6660
10130410,198.314,201.846,7.4,9.31,0,0,0,0,0,83.12,0,0,595,5,50.5391,49.4932,6320
10136740,203.367,207,7.44,9.26,0,0,0,0,0,83.02,0,0,594,5,50.6172,49.5661,6330
10143210,212.632,216.412,7.32,9.16,0,0,0,0,0,83.1,0,0,591,5,50.5859,49.5221,6470
10150160,184.747,188.014,7.35,9.19,0,0,0,0,0,83.24,0,0,593,5,50.6953,49.6173,6950
10156630,200.221,203.795,7.34,9.11,0,0,0,0,0,83.26,0,0,593,5,50.6328,49.5695,6470
10163160,192.994,196.391,7.51,9.34,0,0,0,0,0,82.86,0,0,592,5,50.5703,49.5162,6530
10169510,206.139,209.774,7.4,9.32,0,0,0,0,0,83.02,0,0,593,5,50.6406,49.5897,6350
10176130,192.32,195.687,7.49,9.28,0,0,0,0,0,83.04,0,0,595,5,50.6953,49.6301,6620
10182570,197.28,200.738,7.43,9.15,0,0,0,0,0,83.17,0,0,591,5,50.6328,49.5863,6440
10188950,209.608,213.324,7.38,9.26,0.03,0,0,0,0,82.88,0,0,593,5,50.5312,49.4678,6380
10195700,188.657,192.005,7.29,9.15,0,0,0,0,0,83.36,0,0,595,5,50.6797,49.61,6750
10202090,197.28,200.788,7.43,9.22,0,0,0,0,0,83.13,0,0,594,5,50.6328,49.5771,6390
10208450,195.996,199.508,7.25,9.39,0,0,0,0,0,83.18,0,0,592,5,50.6016,49.5455,6360
10214740,192.58,195.994,7.32,9.18,0,0,0,0,0,83.32,0,0,592,5,50.6328,49.5758,6290
10220840,209.411,213.19,7.37,9.2,0,0,0,0,0,83.2,0,0,594,5,50.6406,49.5985,6100
10227300,198.901,202.522,7.34,9.27,0,0,0,0,0,83.16,0,0,592,5,50.6406,49.5851,6460
10233780,204.935,208.637,7.44,9.27,0.03,0,0,0,0,82.98,0,0,595,5,50.5469,49.4908,6480
10240460,194.943,198.513,7.34,9.09,0,0,0,0,0,83.35,0,0,594,5,50.7031,49.6421,6680
10247030,195.617,199.068,7.31,9.22,0.02,0,0,0,0,83.03,0,0,592,5,50.5859,49.5208,6570
10253510,196.211,199.759,7.27,9.2,0,0,0,0,0,83.36,0,0,592,5,50.6406,49.5853,6480
10259930,207.763,211.589,7.32,9.33,0,0,0,0,0,83.01,0,0,595,5,50.7031,49.6472,6420
10266650,182.579,185.844,7.39,9.29,0,0,0,0,0,83.13,0,0,593,5,50.5469,49.4784,6720
10272840,206.126,209.806,7.32,9.31,0,0,0,0,0,83.19,0,0,593,5,50.6953,49.6397,6190
10279280,195.158,198.677,7.36,9.3,0,0,0,0,0,83.13,0,0,593,5,50.5391,49.4844,6440
10285630,213.725,217.648,7.32,9.17,0,0,0,0,0,83.17,0,0,592,5,50.6328,49.581,6350
10292470,197.491,201.063,7.42,9.21,0,0,0,0,0,83.01,0,0,596,5,50.6875,49.6162,6840
10299260,203.974,207.752,7.48,9.21,0,0,0,0,0,82.82,0,0,591,5,50.6328,49.5652,6790
10306240,189.661,193.184,7.41,9.11,0,0,0,0,0,83.22,0,0,592,5,50.6641,49.5814,6980
10312930,183.246,186.509,7.33,9.26,0,0,0,0,0,83.24,0,0,594,5,50.7188,49.6545,6690
10319160,207.481,211.254,7.29,9.24,0,0,0,0,0,83.25,0,0,593,5,50.4844,49.4367,6230
10325650,201.042,204.675,7.44,9.15,0,0,0,0,0,83.11,0,0,592,5,50.7188,49.664,6490
10332210,188.431,191.778,7.32,9.29,0,0,0,0,0,83.23,0,0,592,5,50.5781,49.5139,6560
10338460,204.716,208.45,7.12,9.29,0.02,0,0,0,0,83.26,0,0,592,5,50.5625,49.5142,6250
10344900,193.251,196.795,7.43,9.24,0,0,0,0,0,83.07,0,0,594,5,50.6328,49.5749,6440
10351180,205.459,209.196,7.41,9.33,0,0,0,0,0,83.02,0,0,590,5,50.5938,49.5521,6280
10357690,197.903,201.485,7.32,9.34,0,0,0,0,0,83.03,0,0,592,5,50.6406,49.58,6510
10364190,194.811,198.345,7.21,9.22,0,0,0,0,0,83.33,0,0,591,5,50.6641,49.6076,6500
10370580,196.917,200.461,7.41,9.34,0,0,0,0,0,83.03,0,0,591,5,50.6094,49.5537,6390
10376920,192.956,196.345,7.5,9.29,0,0,0,0,0,83.06,0,0,591,5,50.6797,49.6242,6340
10383160,208.582,212.306,7.28,9.15,0,0,0,0,0,83.23,0,0,591,5,50.5391,49.4973,6240
10389650,195.662,199.201,7.4,9.32,0,0,0,0,0,83.04,0,0,594,5,50.6641,49.6082,6490
10396040,203.176,206.827,7.33,9.3,0,0,0,0,0,82.98,0,0,593,5,50.5625,49.5794,6390
10402610,187.839,-9783.31,7.42,9.37,0,0,0,0,0,83.03,0,0,591,5,50.7266,49.5861,6570
